1686.33
3513.94
126500
4
56734; 635; 217; 80.49; 153.66
56735; 724; 566; 13.52; 301.5
56736; 478; 604; 66.71; 879.05
56737; 17; 944; 48.79; 750.43
56738; 309; 131; 45.89; 532.32
56739; 705; 138; 13.61; 564.7
56740; 148; 536; 48.92; 252.57
56741; 416; 216; 10.96; 257.33
56742; 891; 598; 40.98; 550.21
56743; 598; 493; 74.46; 297.08
56744; 42; 877; 72.36; 239.72
56745; 868; 592; 99.45; 316.12
56746; 1; 730; 99.18; 105.15
56747; 589; 631; 18.03; 684.28
56748; 425; 498; 81.64; 902.6
56749; 798; 304; 52.39; 622.3
56750; 258; 220; 30.04; 473.54
56751; 695; 30; 76.44; 493.42
56752; 296; 123; 22.59; 857.85
56753; 545; 817; 56.9; 758.23
56754; 166; 212; 76.17; 915.89
56755; 672; 786; 33.01; 840.69
56756; 714; 324; 81.11; 233.13
56757; 454; 453; 43.25; 551.13
56758; 609; 682; 51.55; 529.54
56759; 589; 797; 16.02; 455.66
56760; 875; 206; 52.85; 969.9
56761; 698; 168; 25.74; 252.49
56762; 48; 537; 4.87; 742.69
56763; 242; 666; 65.15; 813.08
56764; 763; 49; 79.62; 257.96
56765; 437; 790; 8.68; 659.02
56766; 445; 362; 41.95; 647.33
56767; 467; 531; 46.93; 545.56
56768; 742; 596; 8.75; 130.01
56769; 152; 428; 30.12; 968.78
56770; 597; 539; 94.37; 200.75
56771; 747; 804; 78.09; 594.88
56772; 265; 759; 25.63; 540.79
56773; 667; 825; 61.58; 791.61
56774; 409; 598; 88.92; 181.22
56775; 146; 493; 49.13; 830.61
56776; 288; 53; 13.1; 866.29
56777; 238; 69; 35.95; 37.09
56778; 473; 267; 36.93; 375.93
56779; 734; 787; 97.77; 52.16
56780; 184; 373; 6.64; 167.16
56781; 567; 158; 9.56; 298.48
56782; 925; 143; 89.88; 978.43
56783; 654; 729; 37.77; 900.14
56784; 704; 741; 84.06; 815.1
56785; 165; 115; 99.22; 832.69
56786; 738; 580; 72.46; 789.48
56787; 103; 142; 76.41; 603.86
56788; 646; 621; 12.68; 124.52
56789; 225; 880; 93.3; 481.36
56790; 810; 246; 99.34; 908.34
56791; 30; 969; 7.6; 63.92
56792; 694; 671; 34.82; 900.92
56793; 78; 812; 89.85; 303.41
56794; 87; 707; 74.24; 528.39
56795; 840; 983; 90.72; 467.1
56796; 291; 464; 51.65; 50.53
56797; 300; 940; 62.66; 832.91
56798; 809; 734; 53.75; 868.26
56799; 545; 473; 57.07; 919.39
56800; 244; 539; 91.96; 869.48
56801; 832; 25; 74.63; 278.01
56802; 444; 815; 75.78; 945.77
56803; 160; 36; 68.46; 312.5
56804; 670; 570; 67.97; 58.25
56805; 174; 138; 48.68; 534.44
56806; 932; 511; 60.24; 415.45
56807; 430; 739; 86.32; 622.68
56808; 193; 170; 77.54; 747.01
56809; 72; 67; 58.08; 985.1
56810; 826; 336; 70.96; 296.13
56811; 586; 184; 92.17; 36.26
56812; 357; 298; 89.5; 316.51
56813; 277; 214; 60.23; 931.69
56814; 476; 448; 93.19; 448.23
56815; 477; 757; 47.54; 108.2
56816; 770; 646; 32.74; 410.91
56817; 911; 893; 81.12; 729.72
56818; 685; 84; 0.87; 936.32
56819; 318; 203; 0.37; 889.52
56820; 657; 785; 8.21; 944.29
56821; 415; 873; 44.59; 866.15
56822; 311; 426; 2.72; 960.14
56823; 137; 150; 24.1; 673.92
56824; 469; 310; 90.02; 225.14
56825; 357; 721; 43.25; 214.45
56826; 568; 690; 24.27; 408.29
56827; 61; 292; 64.28; 179.61
56828; 417; 107; 62.51; 764.57
56829; 169; 445; 82.93; 557.52
56830; 734; 361; 98.39; 187.36
56831; 232; 909; 64.28; 511.64
56832; 275; 488; 97.58; 44.97
56833; 766; 961; 44.17; 211.41
56834; 39; 619; 13.67; 105.78
56835; 253; 453; 97.27; 801.36
56836; 302; 866; 23.94; 60.18
56837; 101; 611; 79.07; 728.67
56838; 924; 401; 64.62; 139.53
56839; 882; 745; 13.13; 198.81
56840; 640; 881; 29.01; 816.39
56841; 650; 124; 47.72; 216.81
56842; 138; 515; 24.5; 119.9
56843; 250; 869; 87.03; 889.2
56844; 897; 114; 78.46; 913.94
56845; 200; 273; 12.14; 409.11
56846; 301; 414; 46.93; 820.88
56847; 9; 477; 77.8; 756.51
56848; 183; 992; 10.5; 706.59
56849; 35; 184; 18.73; 963.56
56850; 99; 474; 43.35; 209.08
56851; 553; 879; 37.68; 913.23
56852; 17; 997; 74.96; 173.88
56853; 404; 129; 58.16; 486.35
56854; 934; 3; 21.23; 619.67
56855; 499; 959; 53.62; 621.92
56856; 627; 385; 46.39; 883.97
56857; 824; 44; 72.84; 943.78
56858; 424; 884; 81.38; 946.42
56859; 250; 848; 64.54; 305.08
56860; 746; 530; 33.73; 908.78
56861; 919; 241; 83.28; 661.1
56862; 726; 172; 38.09; 585.95
56863; 124; 444; 95.48; 354.52
56864; 673; 753; 80.95; 273.87
56865; 477; 876; 82.83; 181.52
56866; 17; 843; 5.6; 527.9
56867; 733; 915; 15.12; 853.51
56868; 700; 620; 34.67; 895.69
56869; 337; 229; 58.99; 449.17
56870; 510; 937; 87.81; 336.95
56871; 33; 761; 8.04; 884.28
56872; 487; 617; 59.61; 542.17
56873; 420; 465; 64.64; 505.28
56874; 505; 303; 13.17; 468.55
56875; 971; 960; 19.39; 869.16
56876; 695; 94; 50.88; 10.81
56877; 383; 5; 20.38; 730.44
56878; 164; 524; 60.68; 454.72
56879; 747; 760; 61.87; 446.91
56880; 461; 625; 86.32; 464.35
56881; 489; 640; 44.73; 293.94
56882; 154; 881; 28.54; 334.06
56883; 578; 74; 54.54; 235.07
56884; 575; 828; 1.55; 794.98
56885; 508; 507; 26.18; 181.04
56886; 705; 878; 10.32; 331.62
56887; 679; 101; 42.45; 889.48
56888; 302; 324; 81.47; 434.19
56889; 758; 576; 66.65; 469.45
56890; 572; 954; 79.75; 959.06
56891; 770; 658; 83.62; 254.07
56892; 333; 796; 49.06; 578.9
56893; 168; 53; 89.27; 146.07
56894; 397; 220; 83.87; 624.81
56895; 900; 225; 82.89; 596.98
56896; 675; 908; 85.9; 914.91
56897; 537; 900; 95.91; 11.53
56898; 968; 848; 7.76; 959.69
56899; 433; 318; 24.64; 893.82
56900; 306; 650; 91.86; 640.53
56901; 423; 843; 70.96; 969.33
56902; 915; 525; 19.07; 811.89
56903; 549; 920; 6.11; 64.11
56904; 604; 683; 22.68; 410.07
56905; 186; 387; 95.25; 183.27
56906; 676; 489; 30.53; 262.97
56907; 780; 419; 15.36; 974.57
56908; 856; 922; 41.43; 550.79
56909; 477; 711; 79.63; 611.11
56910; 599; 310; 1.67; 365.93
56911; 851; 937; 7.2; 189.5
56912; 183; 883; 62.63; 119.43
56913; 526; 961; 81.44; 527.54
56914; 232; 509; 25.02; 37.45
56915; 270; 938; 61.98; 384.07
56916; 851; 430; 1.67; 267.3
56917; 283; 848; 64.51; 909.31
56918; 619; 670; 24.89; 522.71
56919; 181; 73; 99.16; 729.23
56920; 871; 785; 30.45; 387.26
56921; 840; 404; 42.52; 509.37
56922; 876; 521; 83.56; 482.55
56923; 393; 349; 47.73; 256.79
56924; 878; 978; 20.12; 924.52
56925; 60; 898; 48.46; 564.52
56926; 139; 85; 46.82; 371.28
56927; 277; 401; 11.64; 143.9
56928; 262; 855; 14.15; 426.94
56929; 167; 66; 84.63; 560.98
56930; 310; 589; 99.58; 539.37
56931; 310; 578; 36.63; 251.53
56932; 445; 400; 41.95; 806.4
56933; 368; 892; 73.52; 398.58
56934; 298; 683; 36.8; 534.35
56935; 305; 614; 78.12; 665.41
56936; 310; 43; 98.48; 695.23
56937; 979; 175; 34.77; 553.3
56938; 370; 3; 33.53; 556.14
56939; 794; 941; 91.95; 42.97
56940; 320; 169; 93.52; 507.23
56941; 893; 722; 15.74; 677.2
56942; 331; 163; 13.16; 722.01
56943; 66; 357; 73.91; 589.39
56944; 821; 118; 15.88; 818.19
56945; 904; 856; 44.03; 681.12
56946; 635; 881; 46.45; 577.33
56947; 239; 987; 1.15; 277.74
56948; 215; 87; 70.92; 73.06
56949; 403; 514; 24.64; 764.56
56950; 441; 713; 43.69; 146.18
56951; 998; 550; 84.55; 899.06
56952; 129; 621; 73.64; 337.99
56953; 116; 547; 88.04; 227.33
56954; 556; 806; 81.5; 303.86
56955; 951; 746; 57.81; 330.14
56956; 931; 599; 93.89; 814.81
56957; 330; 768; 40.05; 944.34
56958; 907; 543; 52.28; 110.31
56959; 485; 649; 46.82; 189.95
56960; 108; 136; 58.92; 256.21
56961; 226; 969; 12.98; 576.65
56962; 937; 690; 48.09; 380.44
56963; 240; 102; 14.68; 167.2
56964; 368; 715; 84.68; 411.78
56965; 7; 812; 65.27; 700.23
56966; 967; 604; 13.5; 938.18
56967; 163; 871; 87.26; 537.96
56968; 659; 287; 12.73; 639.58
56969; 898; 363; 93.65; 682.86
56970; 625; 378; 90.67; 761.38
56971; 834; 451; 67.97; 114.08
56972; 491; 743; 50.15; 947.27
56973; 523; 263; 41.8; 589.21
56974; 73; 196; 22.44; 933.67
56975; 303; 669; 69.78; 583.51
56976; 971; 612; 65.87; 726.39
56977; 395; 8; 65.58; 372.35
56978; 944; 878; 40.66; 559.9
56979; 541; 572; 90.51; 731.27
56980; 867; 914; 0.86; 358.55
56981; 810; 655; 55.38; 654.41
56982; 395; 349; 77.96; 153.77
56983; 701; 774; 20.75; 438.15
56984; 296; 555; 30.82; 717.42
56985; 763; 979; 96.74; 237.38
56986; 640; 800; 48.84; 495.08
56987; 323; 111; 64.45; 868.23
56988; 373; 623; 0.38; 40.77
56989; 193; 691; 70.64; 620.26
56990; 145; 373; 59.47; 720.33
56991; 204; 345; 97.11; 710.11
56992; 645; 736; 43.08; 85.96
56993; 354; 924; 67.53; 912.06
56994; 128; 629; 9.14; 528.9
56995; 621; 429; 92.4; 145.37
56996; 866; 27; 72.98; 666.03
56997; 659; 632; 13.7; 929.5
56998; 311; 570; 32.34; 611.75
56999; 416; 889; 79.25; 199.05
57000; 721; 721; 78.95; 213.07
57001; 545; 350; 11.91; 399.45
57002; 711; 683; 8.97; 255.6
57003; 484; 11; 88.35; 395.61
57004; 132; 379; 52.46; 309.29
57005; 953; 582; 75.03; 987.86
57006; 56; 896; 37.89; 202.97
57007; 812; 392; 82.04; 884.76
57008; 429; 725; 47.99; 749.31
57009; 453; 652; 61.76; 631.64
57010; 271; 185; 98.54; 679.96
57011; 622; 615; 19.3; 869.04
57012; 248; 483; 12.71; 814.26
57013; 237; 956; 48.98; 27.11
57014; 406; 715; 82.76; 792.57
57015; 211; 437; 46.21; 653.6
57016; 816; 446; 72.62; 310.28
57017; 697; 187; 18.43; 860.6
57018; 445; 417; 77.35; 813.19
57019; 471; 899; 41.06; 699.08
57020; 860; 250; 73.03; 163.14
57021; 284; 426; 60.91; 847.61
57022; 26; 929; 94.77; 839.14
57023; 269; 862; 0.06; 342.14
57024; 38; 420; 20.38; 359.56
57025; 611; 107; 58.2; 334.09
57026; 610; 694; 54.24; 773.13
57027; 831; 953; 80.26; 438.14
57028; 916; 433; 90.73; 160.61
57029; 634; 848; 60.9; 621.95
57030; 804; 5; 47.14; 864.71
57031; 646; 987; 66.35; 798.08
57032; 636; 114; 61.74; 779.44
57033; 662; 147; 79.73; 759.74
57034; 343; 505; 34.78; 528.63
57035; 272; 29; 6.82; 7.91
57036; 909; 154; 25.99; 722.98
57037; 226; 102; 29.14; 952.49
57038; 123; 76; 28.16; 813.52
57039; 236; 286; 54.05; 183.18
57040; 994; 740; 89.73; 653.91
57041; 711; 158; 78.37; 332.65
57042; 316; 525; 98.15; 726.88
57043; 963; 302; 24.11; 949.6
57044; 28; 131; 99.65; 909.74
57045; 987; 16; 81.13; 952.21
57046; 338; 545; 25.25; 966.65
57047; 443; 824; 75.15; 248.88
57048; 556; 440; 5.18; 701.4
57049; 114; 139; 37.94; 872.72
57050; 545; 835; 44.12; 37.38
57051; 327; 667; 14.29; 408.84
57052; 210; 353; 97.94; 581.51
57053; 924; 895; 98.4; 469.12
57054; 659; 164; 49.46; 730.21
57055; 199; 422; 32.47; 926.19
57056; 655; 20; 33.34; 724.98
57057; 804; 19; 16.85; 883.98
57058; 537; 806; 76.89; 766.35
57059; 219; 245; 9.73; 845.63
57060; 249; 965; 91.57; 155.58
57061; 741; 969; 78.71; 396.62
57062; 359; 401; 38.56; 539.09
57063; 337; 761; 55.71; 503.1
57064; 579; 177; 40.57; 614.84
57065; 944; 870; 54.5; 477.1
57066; 604; 67; 89.62; 649.19
57067; 308; 430; 37.05; 291.87
57068; 442; 229; 62.45; 170.64
57069; 726; 902; 29.23; 55.32
57070; 372; 892; 21.28; 512.49
57071; 367; 166; 59.06; 997.25
57072; 333; 853; 32.99; 121.37
57073; 661; 243; 29.22; 893.55
57074; 261; 631; 66.35; 147.87
57075; 890; 200; 24.02; 370.52
57076; 649; 917; 44.29; 874.57
57077; 876; 633; 50.83; 224.68
57078; 910; 288; 70.18; 287.88
57079; 164; 725; 4.99; 438.79
57080; 29; 671; 12.72; 350.43
57081; 491; 573; 33.25; 977.39
57082; 681; 97; 7.03; 443.34
57083; 765; 378; 74.29; 302.75
57084; 640; 979; 66.48; 328.14
57085; 622; 237; 22.34; 373.73
57086; 577; 687; 66.78; 282.01
57087; 876; 932; 26.64; 686.27
57088; 947; 521; 52.52; 460.62
57089; 930; 461; 43.9; 787.63
57090; 880; 319; 74.83; 907.71
57091; 425; 6; 87.37; 828.58
57092; 858; 995; 52.92; 136.76
57093; 804; 229; 9.56; 442.59
57094; 964; 104; 61.71; 59.26
57095; 383; 926; 80.62; 411.66
57096; 623; 769; 38.67; 816.86
57097; 938; 173; 97.09; 520.22
57098; 785; 171; 94.59; 729.62
57099; 622; 494; 67.76; 766.24
57100; 727; 938; 9.42; 206.18
57101; 267; 958; 56.3; 688.7
57102; 827; 281; 62.15; 337.54
57103; 609; 476; 42.44; 695.04
57104; 816; 249; 36.93; 53.73
57105; 426; 129; 66.49; 36.35
57106; 699; 736; 87.21; 344.83
57107; 901; 620; 70.87; 980.63
57108; 867; 69; 65.39; 239.57
57109; 352; 742; 70.89; 42.83
57110; 923; 980; 53.86; 602.92
57111; 581; 152; 27.72; 665.89
57112; 748; 427; 30.14; 97.12
57113; 173; 825; 11.74; 494.35
57114; 942; 143; 36.31; 610.34
57115; 81; 777; 0.45; 937.66
57116; 744; 515; 46.19; 814.3
57117; 911; 213; 5.54; 729.56
57118; 487; 258; 67.96; 316.1
57119; 618; 899; 1.31; 416.87
57120; 496; 144; 37.91; 265.58
57121; 313; 29; 39.53; 119.13
57122; 210; 471; 84.42; 314.41
57123; 825; 113; 86.96; 287.83
57124; 998; 355; 68.21; 148.28
57125; 330; 555; 50.82; 150.31
57126; 400; 75; 38.88; 956.23
57127; 310; 862; 25.51; 786.14
57128; 870; 581; 27.67; 296.41
57129; 256; 558; 18.37; 163.65
57130; 629; 855; 30.7; 779.3
57131; 651; 247; 68.32; 197.65
57132; 31; 76; 41.12; 693.89
57133; 587; 111; 9.21; 908.54
57134; 542; 501; 24.31; 993.92
57135; 698; 688; 5.25; 626.75
57136; 279; 491; 40.29; 150.04
57137; 744; 220; 65.35; 55.46
57138; 450; 796; 38.13; 756.34
57139; 851; 444; 43.76; 681.0
57140; 245; 49; 32.47; 28.22
57141; 530; 506; 72.45; 948.05
57142; 765; 750; 71.14; 847.61
57143; 230; 282; 63.82; 344.31
57144; 639; 224; 37.61; 366.71
57145; 246; 512; 24.02; 161.43
57146; 564; 666; 36.25; 236.74
57147; 233; 121; 52.0; 378.61
57148; 375; 239; 45.08; 292.37
57149; 127; 489; 56.07; 224.72
57150; 811; 354; 7.56; 336.57
57151; 489; 853; 82.83; 760.36
57152; 442; 936; 47.46; 848.24
57153; 570; 342; 64.59; 68.58
57154; 801; 321; 13.87; 713.99
57155; 98; 78; 93.51; 806.58
57156; 282; 943; 23.64; 366.03
57157; 651; 407; 51.51; 245.86
57158; 792; 883; 99.68; 474.74
57159; 301; 41; 57.61; 965.06
57160; 813; 269; 14.06; 715.76
57161; 567; 599; 72.02; 865.19
57162; 760; 589; 47.74; 2.82
57163; 148; 486; 83.01; 838.85
57164; 790; 937; 68.61; 455.64
57165; 767; 184; 1.32; 453.79
57166; 248; 225; 44.66; 483.46
57167; 288; 549; 18.47; 508.71
57168; 129; 690; 76.73; 757.2
57169; 337; 63; 45.82; 739.01
57170; 838; 854; 77.49; 149.13
57171; 961; 853; 76.11; 817.91
57172; 724; 621; 5.32; 745.83
57173; 622; 175; 24.92; 114.18
57174; 359; 244; 31.37; 585.63
57175; 472; 202; 83.93; 536.77
57176; 120; 569; 71.43; 748.4
57177; 492; 750; 43.87; 814.7
57178; 522; 857; 87.79; 639.72
57179; 554; 258; 3.77; 716.17
57180; 248; 235; 4.67; 765.47
57181; 629; 682; 83.96; 314.3
57182; 619; 398; 51.23; 499.75
57183; 275; 513; 64.26; 309.75
57184; 645; 219; 66.32; 563.94
57185; 877; 989; 19.78; 929.1
57186; 387; 757; 15.65; 79.75
57187; 936; 580; 75.69; 61.96
57188; 898; 517; 24.78; 858.96
57189; 519; 524; 75.35; 307.28
57190; 104; 725; 34.86; 410.11
57191; 617; 495; 10.24; 663.51
57192; 571; 761; 50.82; 640.76
57193; 409; 492; 88.59; 112.93
57194; 226; 729; 49.2; 544.65
57195; 847; 532; 3.0; 439.95
57196; 862; 935; 63.02; 144.06
57197; 729; 574; 50.88; 264.66
57198; 683; 313; 81.96; 355.65
57199; 322; 941; 5.66; 413.25
57200; 618; 642; 4.67; 507.47
57201; 579; 498; 5.54; 991.22
57202; 602; 413; 62.11; 583.66
57203; 958; 449; 0.52; 428.21
57204; 644; 478; 89.81; 673.4
57205; 845; 866; 67.9; 977.02
57206; 566; 34; 96.22; 989.99
57207; 101; 285; 24.92; 772.93
57208; 719; 716; 24.57; 457.63
57209; 54; 282; 52.41; 234.43
57210; 370; 354; 91.73; 93.41
57211; 701; 342; 47.43; 934.56
57212; 64; 219; 45.84; 276.73
57213; 602; 722; 60.82; 271.65
57214; 747; 674; 10.34; 901.58
57215; 882; 80; 99.05; 707.41
57216; 712; 296; 96.58; 332.1
57217; 591; 416; 67.47; 917.85
57218; 964; 796; 54.75; 70.33
57219; 893; 294; 84.14; 197.04
57220; 668; 96; 84.01; 567.37
57221; 705; 798; 24.23; 201.85
57222; 297; 844; 34.85; 967.79
57223; 474; 480; 76.89; 619.1
57224; 460; 957; 72.65; 502.37
57225; 816; 926; 87.09; 573.98
57226; 283; 170; 73.17; 780.39
57227; 755; 615; 48.73; 565.43
57228; 158; 511; 74.66; 952.18
57229; 931; 72; 87.85; 553.17
57230; 227; 864; 80.99; 830.4
57231; 681; 957; 29.09; 651.37
57232; 881; 452; 97.71; 479.01
57233; 98; 414; 83.45; 329.84
57234; 568; 28; 43.67; 78.55
57235; 213; 675; 16.57; 547.95
57236; 241; 264; 70.57; 776.1
57237; 734; 305; 47.96; 443.56
57238; 469; 602; 65.28; 834.65
57239; 453; 573; 33.99; 650.58
57240; 210; 410; 94.22; 921.07
57241; 697; 160; 58.6; 609.01
57242; 259; 477; 53.87; 658.91
57243; 202; 933; 49.15; 751.8
57244; 888; 127; 26.03; 541.41
57245; 8; 725; 38.91; 227.2
57246; 761; 91; 98.45; 103.03
57247; 657; 429; 85.46; 424.88
57248; 885; 798; 53.81; 406.71
57249; 286; 485; 26.25; 271.42
57250; 855; 698; 83.97; 372.71
57251; 965; 582; 43.21; 709.32
57252; 24; 338; 30.64; 642.95
57253; 453; 580; 89.72; 833.81
57254; 165; 726; 80.15; 228.33
57255; 645; 690; 61.95; 683.28
57256; 560; 375; 49.79; 768.47
57257; 723; 571; 71.79; 797.67
57258; 639; 483; 60.18; 290.1
57259; 573; 769; 82.64; 656.2
57260; 547; 514; 84.48; 402.89
57261; 568; 387; 55.58; 302.3
57262; 385; 206; 74.37; 295.12
57263; 884; 358; 28.46; 590.64
57264; 302; 109; 22.51; 49.26
57265; 17; 834; 55.7; 662.47
57266; 23; 13; 20.73; 81.41
57267; 306; 585; 2.38; 218.61
57268; 751; 814; 70.7; 54.77
57269; 235; 618; 26.86; 997.08
57270; 611; 682; 93.09; 504.07
57271; 183; 498; 88.92; 526.32
57272; 987; 813; 49.79; 285.46
57273; 287; 359; 2.65; 14.51
57274; 9; 190; 34.4; 776.24
57275; 241; 964; 98.13; 558.01
57276; 301; 177; 46.56; 740.21
57277; 760; 629; 65.36; 70.74
57278; 293; 67; 91.94; 335.2
57279; 898; 685; 56.15; 135.11
57280; 954; 102; 12.93; 731.43
57281; 703; 130; 13.54; 318.46
57282; 440; 272; 34.59; 77.01
57283; 545; 684; 66.23; 810.58
57284; 598; 434; 50.44; 974.17
57285; 627; 881; 84.93; 785.39
57286; 919; 691; 42.23; 704.03
57287; 379; 827; 73.29; 126.96
57288; 386; 305; 44.6; 532.13
57289; 168; 794; 76.04; 186.73
57290; 279; 948; 64.21; 387.69
57291; 77; 878; 90.92; 282.51
57292; 685; 509; 68.32; 929.89
57293; 701; 102; 39.1; 311.98
57294; 364; 844; 48.55; 618.48
57295; 234; 659; 53.29; 741.3
57296; 102; 168; 59.9; 395.48
57297; 135; 96; 32.58; 339.88
57298; 771; 485; 21.12; 777.5
57299; 385; 45; 10.1; 836.57
57300; 91; 397; 70.42; 138.83
57301; 219; 215; 44.1; 235.35
57302; 33; 572; 97.87; 441.75
57303; 802; 308; 40.22; 886.05
57304; 847; 895; 31.87; 445.9
57305; 246; 99; 73.36; 877.53
57306; 350; 256; 23.4; 891.11
57307; 746; 573; 64.7; 271.89
57308; 604; 867; 43.31; 359.72
57309; 728; 603; 75.45; 814.57
57310; 894; 500; 3.85; 140.32
57311; 138; 605; 4.56; 637.97
57312; 101; 559; 5.99; 8.43
57313; 978; 217; 70.98; 242.49
57314; 38; 809; 86.48; 446.36
57315; 718; 829; 58.85; 489.58
57316; 530; 617; 45.15; 712.13
57317; 704; 590; 17.54; 712.29
57318; 797; 860; 55.93; 940.62
57319; 824; 548; 2.72; 415.11
57320; 585; 486; 2.2; 396.69
57321; 289; 652; 36.47; 848.53
57322; 626; 509; 43.4; 763.87
57323; 659; 529; 46.62; 267.33
57324; 812; 300; 50.72; 464.44
57325; 94; 809; 11.35; 337.57
57326; 986; 302; 45.96; 806.63
57327; 16; 168; 13.79; 787.28
57328; 775; 259; 48.43; 73.44
57329; 866; 80; 93.57; 603.31
57330; 292; 333; 63.89; 673.63
57331; 963; 995; 51.79; 114.59
57332; 195; 356; 86.1; 578.77
57333; 588; 49; 89.05; 520.55
57334; 340; 190; 3.08; 625.39
57335; 581; 769; 40.69; 8.43
57336; 816; 282; 32.11; 687.91
57337; 150; 857; 87.97; 178.49
57338; 849; 798; 53.65; 571.95
57339; 318; 108; 93.89; 819.18
57340; 295; 57; 39.46; 252.44
57341; 726; 521; 41.19; 804.0
57342; 473; 333; 76.68; 558.34
57343; 113; 620; 29.24; 517.88
57344; 381; 235; 91.65; 86.79
57345; 271; 84; 64.53; 656.87
57346; 551; 339; 40.68; 987.13
57347; 45; 247; 91.28; 492.0
57348; 161; 729; 1.71; 251.53
57349; 234; 732; 50.06; 531.27
57350; 768; 464; 91.82; 61.9
57351; 155; 157; 88.54; 904.52
57352; 373; 366; 56.93; 282.37
57353; 196; 463; 76.65; 243.57
57354; 639; 341; 81.6; 562.37
57355; 207; 488; 63.97; 198.97
57356; 101; 100; 19.63; 497.34
57357; 161; 299; 82.39; 300.91
57358; 50; 520; 46.24; 496.51
57359; 373; 679; 84.28; 754.48
57360; 775; 184; 74.78; 319.98
57361; 883; 806; 99.55; 254.41
57362; 79; 521; 84.46; 927.37
57363; 350; 373; 95.73; 168.8
57364; 345; 467; 78.3; 300.77
57365; 718; 614; 7.83; 656.79
57366; 83; 539; 55.81; 757.99
57367; 537; 128; 48.94; 387.42
57368; 321; 986; 18.29; 264.57
57369; 289; 829; 50.06; 716.1
57370; 403; 707; 36.47; 304.95
57371; 687; 478; 23.61; 568.51
57372; 80; 46; 30.46; 26.73
57373; 750; 791; 32.54; 830.31
57374; 532; 259; 24.23; 46.09
57375; 797; 67; 47.73; 99.07
57376; 311; 416; 71.2; 862.05
57377; 357; 542; 81.5; 958.83
57378; 645; 764; 76.11; 204.51
57379; 965; 155; 82.95; 427.19
57380; 817; 706; 96.73; 325.64
57381; 71; 8; 54.31; 833.58
57382; 567; 681; 76.23; 105.91
57383; 786; 317; 95.78; 919.68
57384; 230; 481; 82.92; 840.58
57385; 217; 34; 65.06; 733.51
57386; 586; 595; 91.66; 121.91
57387; 977; 433; 54.54; 1.43
57388; 191; 956; 18.27; 725.27
57389; 872; 274; 0.26; 995.06
57390; 706; 208; 82.55; 855.55
57391; 33; 460; 21.54; 467.07
57392; 313; 929; 40.51; 466.44
57393; 39; 20; 95.38; 530.97
57394; 628; 85; 74.8; 844.72
57395; 60; 561; 24.96; 32.73
57396; 482; 615; 82.23; 536.01
57397; 309; 860; 27.26; 546.17
57398; 793; 643; 50.74; 344.4
57399; 207; 457; 37.93; 326.15
57400; 819; 621; 42.88; 942.95
57401; 756; 758; 66.48; 439.02
57402; 343; 197; 82.84; 956.72
57403; 543; 912; 90.74; 548.21
57404; 754; 255; 7.76; 362.82
57405; 170; 58; 13.51; 711.29
57406; 426; 640; 92.92; 904.99
57407; 301; 204; 44.8; 161.09
57408; 958; 314; 73.67; 390.7
57409; 768; 89; 48.14; 902.4
57410; 602; 500; 15.43; 365.86
57411; 714; 468; 59.02; 256.6
57412; 892; 812; 41.71; 801.67
57413; 279; 960; 24.04; 170.63
57414; 4; 348; 90.69; 765.73
57415; 262; 968; 94.2; 467.21
57416; 186; 942; 53.34; 325.68
57417; 409; 497; 90.52; 860.03
57418; 57; 496; 63.99; 498.14
57419; 203; 872; 72.15; 343.04
57420; 866; 361; 5.23; 137.47
57421; 944; 99; 90.29; 387.62
57422; 57; 151; 52.5; 346.49
57423; 898; 623; 49.18; 973.78
57424; 757; 779; 17.17; 215.57
57425; 20; 493; 88.89; 290.71
57426; 725; 895; 58.25; 974.15
57427; 433; 147; 11.07; 551.57
57428; 53; 752; 30.6; 358.07
57429; 494; 56; 93.55; 123.9
57430; 573; 32; 21.68; 330.34
57431; 500; 2; 78.64; 549.24
57432; 557; 187; 80.99; 347.51
57433; 286; 733; 78.89; 79.57
57434; 242; 320; 65.57; 719.35
57435; 942; 686; 38.59; 595.68
57436; 708; 736; 96.3; 862.42
57437; 615; 567; 22.69; 979.87
57438; 277; 916; 81.42; 131.65
57439; 158; 587; 58.69; 923.56
57440; 270; 283; 83.37; 562.5
57441; 923; 482; 59.78; 873.56
57442; 412; 158; 75.01; 707.99
57443; 473; 190; 23.05; 465.0
57444; 675; 456; 57.36; 468.14
57445; 950; 620; 82.19; 185.55
57446; 893; 392; 60.36; 941.46
57447; 243; 861; 7.03; 832.08
57448; 7; 728; 24.67; 459.02
57449; 668; 241; 30.7; 206.63
57450; 369; 437; 96.23; 829.46
57451; 123; 789; 6.57; 476.74
57452; 890; 274; 94.74; 747.94
57453; 602; 379; 36.14; 510.05
57454; 463; 494; 85.26; 407.8
57455; 650; 260; 23.36; 492.63
57456; 103; 317; 65.53; 236.62
57457; 536; 641; 96.66; 91.15
57458; 805; 662; 42.86; 385.94
57459; 386; 565; 68.48; 821.33
57460; 288; 539; 97.93; 164.51
57461; 785; 626; 68.11; 313.22
57462; 739; 744; 89.65; 149.48
57463; 352; 468; 97.43; 426.89
57464; 915; 901; 21.9; 754.62
57465; 233; 870; 2.74; 150.28
57466; 161; 645; 66.69; 614.73
57467; 6; 738; 84.92; 625.58
57468; 762; 449; 27.31; 290.86
57469; 63; 745; 46.18; 309.64
57470; 506; 810; 75.69; 972.36
57471; 903; 166; 90.83; 545.96
57472; 171; 845; 39.83; 641.95
57473; 487; 473; 16.62; 938.05
57474; 653; 98; 97.42; 610.18
57475; 572; 30; 51.94; 353.51
57476; 756; 849; 91.22; 686.83
57477; 89; 922; 1.06; 255.55
57478; 621; 512; 5.31; 240.17
57479; 329; 162; 85.21; 300.15
57480; 437; 227; 66.3; 88.49
57481; 653; 137; 24.18; 897.02
57482; 297; 280; 23.08; 399.8
57483; 33; 720; 7.39; 74.49
57484; 803; 32; 14.38; 140.04
57485; 554; 526; 24.23; 666.63
57486; 126; 412; 21.2; 365.32
57487; 574; 857; 3.71; 277.53
57488; 177; 447; 99.74; 434.8
57489; 335; 847; 57.98; 780.06
57490; 98; 588; 89.99; 164.15
57491; 640; 395; 17.77; 807.04
57492; 42; 295; 13.1; 950.15
57493; 350; 240; 80.6; 819.26
57494; 477; 559; 35.27; 329.24
57495; 666; 17; 14.28; 104.62
57496; 212; 317; 81.77; 119.9
57497; 726; 275; 38.59; 907.02
57498; 203; 192; 59.77; 656.64
57499; 471; 937; 71.73; 253.2
57500; 261; 7; 12.63; 240.4
57501; 677; 124; 46.78; 460.88
57502; 161; 535; 80.17; 475.03
57503; 378; 582; 45.84; 17.18
57504; 829; 670; 82.55; 167.97
57505; 447; 885; 94.88; 259.44
57506; 906; 593; 3.37; 130.86
57507; 59; 110; 87.54; 319.35
57508; 99; 913; 55.28; 388.82
57509; 201; 207; 94.46; 654.48
57510; 846; 932; 66.22; 144.61
57511; 161; 832; 43.17; 746.93
57512; 749; 664; 70.99; 221.93
57513; 628; 761; 67.53; 383.58
57514; 201; 4; 80.03; 593.45
57515; 739; 382; 9.08; 274.37
57516; 508; 983; 1.54; 382.8
57517; 775; 180; 70.2; 705.69
57518; 112; 629; 15.07; 77.75
57519; 111; 778; 33.79; 610.84
57520; 152; 309; 26.81; 982.38
57521; 43; 384; 7.19; 618.74
57522; 48; 272; 72.4; 618.13
57523; 808; 347; 74.26; 365.08
57524; 288; 284; 68.99; 310.19
57525; 159; 414; 17.11; 50.27
57526; 789; 942; 44.51; 729.06
57527; 165; 911; 12.96; 585.12
57528; 223; 582; 51.91; 985.66
57529; 411; 786; 60.82; 628.44
57530; 857; 776; 79.67; 569.39
57531; 690; 187; 4.73; 307.6
57532; 307; 831; 56.1; 189.48
57533; 702; 323; 49.31; 418.44
57534; 516; 25; 95.33; 626.58
57535; 530; 532; 78.26; 59.92
57536; 721; 892; 59.72; 197.98
57537; 463; 8; 96.52; 117.95
57538; 527; 864; 66.42; 112.19
57539; 263; 492; 64.0; 101.91
57540; 50; 889; 55.39; 771.1
57541; 993; 742; 1.21; 873.57
57542; 5; 782; 66.54; 667.1
57543; 143; 488; 55.51; 447.59
57544; 507; 59; 36.32; 794.02
57545; 897; 437; 58.35; 44.85
57546; 686; 762; 32.83; 315.53
57547; 131; 354; 53.93; 469.14
57548; 220; 257; 46.83; 529.48
57549; 190; 23; 3.53; 997.41
57550; 414; 552; 97.16; 146.65
57551; 950; 31; 7.0; 826.13
57552; 176; 399; 50.55; 687.65
57553; 413; 976; 94.65; 15.55
57554; 480; 149; 16.12; 783.21
57555; 956; 61; 20.71; 235.05
57556; 571; 73; 81.78; 799.45
57557; 325; 499; 0.92; 753.11
57558; 214; 205; 88.5; 362.41
57559; 821; 865; 91.25; 695.43
57560; 693; 584; 65.44; 466.16
57561; 173; 738; 5.15; 47.42
57562; 809; 899; 46.0; 139.51
57563; 820; 341; 95.05; 891.75
57564; 882; 739; 61.24; 101.04
57565; 829; 548; 9.96; 526.94
57566; 362; 203; 28.36; 51.91
57567; 420; 366; 14.37; 391.61
57568; 637; 237; 1.71; 158.54
57569; 53; 260; 17.59; 930.27
57570; 815; 498; 71.41; 247.29
57571; 944; 106; 98.31; 283.91
57572; 56; 979; 21.44; 867.52
57573; 126; 399; 90.49; 729.63
57574; 374; 932; 90.05; 264.31
57575; 138; 301; 68.29; 663.16
57576; 154; 305; 23.21; 495.09
57577; 701; 71; 39.15; 143.78
57578; 711; 379; 6.38; 224.35
57579; 288; 739; 81.25; 748.96
57580; 45; 292; 93.81; 682.39
57581; 566; 762; 48.14; 45.54
57582; 524; 2; 7.05; 930.31
57583; 464; 211; 56.36; 529.82
57584; 60; 413; 11.45; 339.06
57585; 417; 587; 26.89; 785.96
57586; 234; 311; 23.73; 687.68
57587; 153; 99; 18.42; 293.62
57588; 568; 553; 36.28; 495.07
57589; 602; 544; 34.37; 957.41
57590; 191; 344; 66.21; 754.8
57591; 60; 157; 90.56; 30.59
57592; 290; 726; 69.06; 681.42
57593; 773; 238; 40.38; 568.56
57594; 712; 259; 87.89; 709.4
57595; 240; 486; 59.06; 491.32
57596; 106; 872; 58.75; 563.87
57597; 34; 530; 14.45; 259.71
57598; 19; 702; 81.92; 754.42
57599; 271; 282; 47.97; 480.44
57600; 878; 597; 41.19; 472.67
57601; 143; 304; 24.79; 509.69
57602; 198; 83; 19.53; 143.18
57603; 528; 41; 30.15; 824.71
57604; 203; 228; 1.76; 634.52
57605; 60; 931; 63.45; 44.64
57606; 847; 692; 24.25; 211.49
57607; 501; 830; 40.39; 437.99
57608; 438; 864; 56.0; 878.38
57609; 565; 73; 69.49; 525.22
57610; 781; 386; 0.22; 820.69
57611; 284; 228; 76.56; 282.94
57612; 766; 818; 77.95; 71.13
57613; 15; 292; 76.48; 849.16
57614; 435; 413; 97.52; 778.58
57615; 297; 74; 15.29; 538.0
57616; 163; 188; 43.79; 116.82
57617; 532; 158; 24.25; 472.24
57618; 440; 433; 71.42; 808.02
57619; 990; 317; 18.96; 201.19
57620; 664; 234; 38.83; 294.52
57621; 223; 358; 11.59; 154.06
57622; 708; 114; 0.14; 263.62
57623; 316; 45; 42.69; 367.47
57624; 518; 160; 15.18; 789.19
57625; 676; 879; 48.87; 78.15
57626; 503; 799; 1.2; 656.23
57627; 565; 509; 72.89; 412.42
57628; 189; 257; 22.54; 887.29
57629; 129; 587; 92.57; 659.1
57630; 465; 539; 95.71; 143.78
57631; 975; 474; 51.06; 887.53
57632; 504; 118; 16.28; 264.03
57633; 130; 470; 59.11; 845.16
57634; 476; 824; 25.49; 856.18
57635; 770; 14; 76.56; 227.65
57636; 534; 494; 26.59; 790.24
57637; 267; 463; 68.23; 448.87
57638; 504; 402; 50.32; 556.96
57639; 137; 406; 41.73; 732.73
57640; 894; 10; 3.9; 449.04
57641; 785; 159; 32.89; 409.85
57642; 507; 842; 45.13; 411.06
57643; 999; 336; 15.59; 957.41
57644; 657; 756; 43.75; 737.49
57645; 939; 27; 3.77; 197.57
57646; 308; 866; 43.72; 823.66
57647; 664; 218; 25.12; 573.24
57648; 262; 642; 91.2; 23.2
57649; 629; 592; 92.29; 521.48
57650; 609; 202; 16.97; 833.15
57651; 904; 749; 82.98; 765.96
57652; 946; 398; 69.28; 334.75
57653; 33; 943; 49.17; 616.15
57654; 914; 74; 20.0; 215.29
57655; 947; 645; 69.61; 281.07
57656; 830; 415; 33.28; 781.16
57657; 893; 556; 86.24; 64.85
57658; 320; 460; 98.62; 125.58
57659; 554; 612; 6.26; 545.68
57660; 435; 435; 75.15; 827.21
57661; 300; 106; 84.84; 956.84
57662; 97; 641; 94.56; 623.67
57663; 208; 820; 62.28; 550.32
57664; 367; 456; 85.4; 61.19
57665; 775; 797; 97.62; 116.83
57666; 689; 308; 72.54; 962.48
57667; 197; 519; 24.55; 940.76
57668; 512; 893; 21.94; 334.38
57669; 819; 14; 83.55; 269.84
57670; 418; 489; 30.37; 118.99
57671; 751; 118; 28.9; 994.35
57672; 519; 926; 30.09; 458.02
57673; 64; 972; 74.78; 876.98
57674; 885; 795; 39.69; 390.72
57675; 990; 207; 37.37; 661.61
57676; 113; 177; 34.44; 889.23
57677; 288; 800; 46.89; 1.02
57678; 137; 841; 58.56; 52.93
57679; 714; 92; 22.89; 179.1
57680; 693; 990; 23.06; 120.69
57681; 172; 232; 17.48; 258.49
57682; 398; 126; 55.87; 515.8
57683; 583; 469; 98.1; 714.98
57684; 293; 344; 5.75; 570.16
57685; 836; 925; 31.78; 971.39
57686; 160; 657; 92.88; 557.99
57687; 20; 377; 74.31; 637.47
57688; 190; 926; 61.22; 869.07
57689; 912; 771; 65.77; 771.22
57690; 801; 313; 98.96; 513.95
57691; 304; 562; 51.49; 16.77
57692; 225; 307; 11.44; 239.13
57693; 732; 702; 18.56; 801.03
57694; 740; 568; 68.11; 501.28
57695; 538; 658; 81.89; 144.21
57696; 873; 71; 39.55; 113.78
57697; 179; 216; 53.95; 830.76
57698; 693; 428; 97.38; 612.86
57699; 945; 488; 59.23; 178.52
57700; 481; 158; 70.58; 290.41
57701; 14; 175; 12.11; 948.55
57702; 591; 965; 18.49; 297.84
57703; 245; 369; 79.68; 120.52
57704; 766; 493; 3.58; 439.17
57705; 425; 258; 28.34; 388.4
57706; 950; 287; 33.73; 16.11
57707; 402; 186; 85.86; 152.6
57708; 368; 555; 6.0; 407.01
57709; 358; 451; 63.48; 685.04
57710; 646; 931; 9.98; 579.99
57711; 39; 299; 98.45; 850.74
57712; 884; 235; 95.08; 513.78
57713; 691; 635; 50.76; 708.57
57714; 534; 144; 86.55; 812.44
57715; 419; 238; 67.84; 0.41
57716; 11; 196; 47.2; 227.34
57717; 539; 319; 64.27; 343.36
57718; 656; 743; 95.73; 342.41
57719; 463; 17; 20.57; 121.39
57720; 715; 453; 65.93; 394.88
57721; 974; 897; 26.78; 578.5
57722; 751; 417; 45.51; 40.03
57723; 166; 203; 38.32; 978.54
57724; 684; 666; 47.18; 355.88
57725; 849; 245; 42.19; 309.08
57726; 874; 606; 20.89; 605.51
57727; 681; 81; 25.29; 228.55
57728; 790; 794; 15.9; 881.39
57729; 53; 408; 97.62; 595.32
57730; 100; 806; 24.86; 80.84
57731; 359; 54; 88.16; 682.22
57732; 125; 288; 96.77; 831.91
57733; 739; 521; 39.42; 711.44
57734; 415; 696; 56.22; 814.0
57735; 502; 758; 29.61; 74.85
57736; 452; 386; 14.81; 884.41
57737; 26; 228; 55.45; 730.03
57738; 257; 46; 40.61; 960.87
57739; 286; 640; 17.43; 659.74
57740; 978; 523; 67.4; 822.15
57741; 93; 739; 45.81; 380.61
57742; 538; 441; 16.85; 818.43
57743; 645; 756; 22.91; 602.21
57744; 906; 688; 27.66; 869.49
57745; 975; 750; 9.86; 380.98
57746; 322; 606; 89.2; 922.34
57747; 642; 242; 89.0; 157.49
57748; 554; 800; 0.12; 858.42
57749; 964; 154; 91.82; 954.62
57750; 617; 5; 66.87; 655.65
57751; 32; 384; 43.06; 174.07
57752; 868; 926; 60.99; 516.89
57753; 571; 739; 2.3; 447.12
57754; 290; 433; 69.78; 787.03
57755; 59; 220; 41.28; 828.0
57756; 743; 497; 91.4; 686.27
57757; 561; 184; 96.07; 890.44
57758; 935; 237; 38.32; 249.27
57759; 920; 634; 64.88; 719.0
57760; 688; 137; 88.24; 756.0
57761; 669; 708; 22.25; 936.21
57762; 733; 810; 52.13; 17.79
57763; 492; 579; 94.65; 853.65
57764; 388; 108; 17.63; 144.34
57765; 631; 40; 99.12; 528.45
57766; 328; 431; 33.27; 630.53
57767; 16; 144; 19.18; 423.39
57768; 823; 567; 51.93; 377.3
57769; 434; 385; 43.22; 739.69
57770; 467; 314; 15.79; 298.52
57771; 270; 668; 33.67; 258.3
57772; 314; 134; 28.7; 839.31
57773; 981; 625; 67.88; 226.06
57774; 74; 406; 52.49; 542.0
57775; 129; 844; 16.89; 212.76
57776; 851; 985; 22.87; 738.88
57777; 747; 514; 99.78; 128.71
57778; 834; 166; 93.33; 220.41
57779; 412; 60; 14.37; 931.09
57780; 35; 620; 99.14; 443.67
57781; 118; 913; 9.68; 909.89
57782; 834; 843; 76.15; 610.89
57783; 371; 853; 71.01; 943.89
57784; 118; 25; 38.97; 678.22
57785; 136; 483; 2.52; 897.2
57786; 696; 676; 59.92; 653.82
57787; 684; 128; 15.14; 395.84
57788; 660; 83; 17.21; 577.86
57789; 101; 348; 28.53; 854.74
57790; 786; 678; 86.64; 927.88
57791; 881; 153; 34.71; 876.27
57792; 871; 937; 36.64; 855.16
57793; 400; 897; 12.51; 891.82
57794; 923; 944; 58.62; 774.88
57795; 945; 258; 43.08; 689.55
57796; 365; 782; 41.75; 624.21
57797; 690; 939; 15.08; 252.55
57798; 609; 288; 89.99; 614.17
57799; 958; 726; 50.61; 805.02
57800; 163; 82; 71.48; 621.37
57801; 737; 51; 70.45; 376.52
57802; 718; 915; 10.69; 24.16
57803; 460; 53; 6.77; 638.51
57804; 83; 236; 6.87; 929.84
57805; 913; 246; 90.63; 391.19
57806; 457; 773; 88.78; 664.26
57807; 375; 183; 53.05; 728.89
57808; 908; 159; 25.05; 624.08
57809; 529; 835; 73.87; 547.87
57810; 51; 755; 64.86; 53.61
57811; 4; 692; 94.04; 439.87
57812; 637; 820; 61.24; 340.14
57813; 679; 32; 71.77; 213.11
57814; 621; 938; 59.16; 857.15
57815; 267; 868; 6.66; 280.96
57816; 583; 324; 84.32; 534.09
57817; 591; 98; 82.17; 513.46
57818; 236; 193; 58.82; 680.17
57819; 310; 56; 42.08; 547.99
57820; 997; 661; 13.94; 425.08
57821; 557; 513; 7.95; 618.55
57822; 31; 653; 21.19; 907.82
57823; 443; 945; 92.19; 449.71
57824; 364; 165; 1.88; 359.37
57825; 875; 189; 79.59; 575.42
57826; 158; 13; 85.58; 284.83
57827; 628; 649; 81.53; 865.54
57828; 721; 577; 89.92; 913.0
57829; 985; 903; 74.51; 832.52
57830; 544; 536; 34.01; 455.99
57831; 943; 999; 81.14; 225.86
57832; 456; 362; 72.46; 512.86
57833; 317; 413; 73.7; 984.35
57834; 51; 397; 96.05; 849.9
57835; 644; 810; 63.79; 462.46
57836; 96; 724; 16.67; 551.48
57837; 375; 919; 97.62; 523.13
57838; 737; 863; 90.48; 586.01
57839; 803; 853; 67.08; 60.75
57840; 836; 31; 11.01; 900.17
57841; 215; 347; 40.0; 310.55
57842; 768; 827; 3.75; 477.04
57843; 851; 627; 45.83; 664.81
57844; 445; 763; 65.1; 555.04
57845; 374; 568; 11.95; 736.43
57846; 548; 653; 12.93; 205.49
57847; 87; 173; 16.8; 690.57
57848; 402; 820; 95.34; 592.25
57849; 523; 126; 54.49; 684.06
57850; 618; 160; 52.14; 582.25
57851; 687; 158; 52.88; 41.5
57852; 538; 908; 83.68; 177.95
57853; 157; 991; 27.76; 819.03
57854; 443; 415; 11.83; 493.23
57855; 415; 904; 87.37; 581.69
57856; 58; 859; 50.72; 417.16
57857; 449; 383; 71.34; 659.92
57858; 628; 152; 97.7; 21.06
57859; 403; 364; 23.43; 523.21
57860; 906; 975; 33.13; 741.34
57861; 23; 168; 24.81; 142.3
57862; 335; 774; 39.9; 690.47
57863; 582; 461; 77.74; 241.16
57864; 314; 30; 96.72; 379.58
57865; 339; 432; 78.56; 414.77
57866; 263; 344; 64.45; 305.86
57867; 83; 723; 2.19; 712.85
57868; 673; 354; 37.11; 753.84
57869; 963; 366; 11.97; 844.19
57870; 465; 354; 73.7; 868.16
57871; 93; 322; 91.52; 102.92
57872; 833; 146; 12.65; 69.47
57873; 792; 757; 25.05; 583.49
57874; 485; 357; 66.9; 671.74
57875; 926; 810; 11.86; 263.75
57876; 242; 393; 59.85; 958.68
57877; 623; 922; 78.41; 578.37
57878; 163; 47; 40.35; 76.04
57879; 660; 421; 42.15; 545.95
57880; 94; 676; 46.84; 462.03
57881; 184; 828; 43.45; 467.14
57882; 297; 407; 44.51; 87.81
57883; 899; 331; 41.23; 194.91
57884; 222; 620; 97.04; 635.06
57885; 959; 750; 99.75; 358.19
57886; 188; 329; 56.58; 532.36
57887; 895; 677; 4.43; 533.33
57888; 250; 327; 93.45; 899.73
57889; 191; 362; 28.4; 400.39
57890; 269; 504; 40.45; 905.32
57891; 577; 599; 44.93; 243.19
57892; 345; 10; 73.89; 391.91
57893; 314; 38; 62.68; 702.91
57894; 0; 567; 77.3; 926.92
57895; 371; 417; 1.28; 887.34
57896; 989; 164; 99.14; 36.41
57897; 100; 554; 85.97; 921.78
57898; 0; 610; 48.13; 310.74
57899; 943; 841; 9.86; 189.14
57900; 552; 158; 83.4; 81.71
57901; 154; 769; 71.96; 591.87
57902; 553; 207; 57.58; 983.04
57903; 107; 557; 29.84; 603.44
57904; 74; 630; 75.22; 938.88
57905; 495; 576; 35.53; 929.0
57906; 961; 123; 16.26; 462.16
57907; 93; 173; 49.01; 80.3
57908; 760; 802; 55.28; 854.57
57909; 965; 294; 40.35; 23.36
57910; 812; 30; 61.41; 883.55
57911; 903; 781; 6.54; 1.83
57912; 999; 226; 64.07; 572.76
57913; 239; 554; 29.06; 878.97
57914; 242; 621; 64.12; 891.77
57915; 763; 387; 49.83; 181.53
57916; 721; 685; 75.25; 201.35
57917; 873; 304; 35.16; 2.68
57918; 617; 677; 80.2; 21.01
57919; 301; 276; 44.5; 850.19
57920; 66; 889; 52.98; 48.58
57921; 40; 998; 30.77; 330.06
57922; 206; 728; 53.57; 835.61
57923; 486; 511; 32.79; 381.52
57924; 669; 300; 31.25; 611.35
57925; 976; 925; 12.19; 29.92
57926; 788; 666; 80.56; 715.99
57927; 463; 94; 43.77; 948.33
57928; 421; 333; 12.28; 578.2
57929; 166; 96; 17.33; 553.17
57930; 698; 500; 34.77; 919.38
57931; 419; 510; 21.55; 918.44
57932; 32; 901; 15.28; 576.58
57933; 658; 761; 24.49; 620.32
57934; 646; 212; 92.83; 362.25
57935; 472; 659; 52.17; 127.5
57936; 163; 882; 3.36; 505.25
57937; 985; 323; 25.36; 538.31
57938; 458; 749; 86.31; 235.37
57939; 691; 676; 63.13; 940.89
57940; 488; 256; 32.46; 357.86
57941; 48; 958; 59.2; 720.74
57942; 244; 333; 22.42; 954.1
57943; 310; 693; 3.01; 601.34
57944; 835; 926; 12.49; 608.84
57945; 207; 674; 69.7; 375.14
57946; 31; 293; 11.54; 85.02
57947; 278; 506; 49.4; 634.37
57948; 15; 468; 70.48; 238.04
57949; 286; 629; 9.12; 429.17
57950; 325; 336; 38.54; 656.54
57951; 999; 456; 1.72; 708.03
57952; 397; 876; 5.37; 93.92
57953; 364; 616; 88.7; 148.71
57954; 986; 839; 70.4; 520.25
57955; 443; 572; 11.02; 831.31
57956; 452; 971; 22.8; 348.56
57957; 668; 939; 76.21; 451.01
57958; 373; 908; 34.0; 135.41
57959; 760; 307; 51.69; 144.86
57960; 489; 906; 42.77; 461.57
57961; 43; 960; 87.29; 107.38
57962; 578; 110; 62.64; 589.74
57963; 633; 906; 61.02; 298.3
57964; 231; 239; 27.81; 769.85
57965; 993; 419; 25.41; 931.02
57966; 814; 951; 59.34; 972.38
57967; 511; 447; 23.21; 351.1
57968; 181; 231; 15.18; 482.46
57969; 807; 228; 67.71; 977.26
57970; 364; 213; 77.41; 96.61
57971; 569; 984; 45.62; 811.4
57972; 141; 423; 37.4; 967.97
57973; 716; 5; 26.14; 628.27
57974; 554; 187; 74.32; 942.29
57975; 797; 70; 94.29; 344.91
57976; 617; 246; 57.62; 407.45
57977; 970; 753; 24.71; 128.94
57978; 347; 975; 4.31; 153.49
57979; 823; 813; 31.61; 409.15
57980; 300; 402; 71.67; 935.96
57981; 285; 284; 15.42; 855.09
57982; 81; 179; 61.42; 1.58
57983; 852; 319; 10.83; 652.17
57984; 132; 949; 6.16; 675.55
57985; 585; 202; 43.66; 828.21
57986; 52; 90; 44.5; 468.48
57987; 256; 606; 12.78; 904.37
57988; 900; 926; 90.04; 848.61
57989; 50; 996; 7.59; 691.14
57990; 922; 181; 20.48; 427.59
57991; 231; 8; 17.73; 381.68
57992; 868; 992; 3.54; 607.83
57993; 391; 164; 75.93; 531.64
57994; 992; 396; 0.15; 896.82
57995; 458; 684; 88.1; 348.77
57996; 630; 749; 79.56; 232.06
57997; 703; 301; 20.8; 124.85
57998; 858; 131; 70.07; 554.95
57999; 316; 315; 35.15; 146.5
58000; 465; 439; 98.07; 870.45
58001; 11; 329; 12.15; 978.36
58002; 54; 482; 66.35; 211.03
58003; 395; 487; 60.62; 912.76
58004; 173; 234; 86.42; 292.5
58005; 539; 476; 96.7; 482.05
58006; 461; 945; 51.7; 619.56
58007; 782; 676; 33.05; 81.87
58008; 730; 317; 25.94; 57.86
58009; 543; 547; 14.83; 879.7
58010; 72; 921; 20.22; 478.39
58011; 293; 912; 87.75; 505.57
58012; 840; 883; 68.27; 836.25
58013; 997; 411; 6.29; 32.68
58014; 39; 441; 72.75; 449.03
58015; 771; 448; 35.29; 471.61
58016; 621; 183; 63.49; 611.54
58017; 623; 170; 30.56; 458.65
58018; 448; 7; 55.04; 961.52
58019; 981; 168; 81.54; 648.68
58020; 448; 488; 25.98; 76.5
58021; 680; 188; 55.69; 153.8
58022; 783; 67; 43.29; 402.19
58023; 798; 485; 72.6; 913.81
58024; 365; 697; 3.83; 950.34
58025; 235; 627; 64.69; 36.16
58026; 583; 643; 1.79; 254.76
58027; 423; 436; 81.06; 868.43
58028; 870; 351; 40.29; 106.61
58029; 462; 332; 55.41; 826.04
58030; 943; 857; 60.46; 920.33
58031; 171; 797; 18.91; 246.91
58032; 107; 170; 41.19; 570.71
58033; 942; 736; 58.36; 138.09
58034; 287; 94; 86.53; 140.82
58035; 473; 617; 81.61; 363.67
58036; 470; 799; 64.53; 571.29
58037; 930; 460; 8.61; 569.35
58038; 104; 377; 92.02; 389.04
58039; 531; 414; 59.83; 578.28
58040; 472; 502; 21.85; 705.32
58041; 770; 354; 56.44; 797.35
58042; 543; 353; 89.86; 492.67
58043; 582; 474; 92.21; 306.54
58044; 637; 167; 86.51; 297.11
58045; 398; 268; 62.42; 505.42
58046; 815; 466; 87.67; 213.54
58047; 139; 277; 54.82; 774.87
58048; 195; 462; 88.86; 83.35
58049; 961; 175; 85.74; 781.72
58050; 178; 321; 49.22; 191.9
58051; 795; 174; 95.17; 173.06
58052; 763; 663; 88.8; 629.77
58053; 592; 469; 91.1; 938.77
58054; 396; 511; 91.78; 738.09
58055; 731; 850; 49.97; 622.37
58056; 278; 145; 70.52; 315.48
58057; 412; 700; 14.98; 25.85
58058; 176; 890; 3.57; 159.67
58059; 232; 402; 6.09; 393.16
58060; 376; 454; 75.76; 573.33
58061; 401; 205; 64.82; 763.46
58062; 128; 14; 23.22; 125.85
58063; 925; 54; 66.37; 812.92
58064; 676; 923; 31.3; 976.94
58065; 217; 854; 91.63; 17.6
58066; 419; 66; 44.81; 495.75
58067; 244; 716; 34.77; 558.95
58068; 555; 267; 19.09; 246.14
58069; 766; 981; 14.76; 780.45
58070; 250; 712; 73.24; 630.61
58071; 570; 901; 66.05; 385.53
58072; 850; 275; 33.54; 106.46
58073; 137; 733; 17.59; 123.44
58074; 19; 712; 85.14; 6.3
58075; 950; 813; 41.5; 422.04
58076; 345; 761; 30.51; 376.68
58077; 310; 763; 69.78; 452.88
58078; 789; 790; 99.62; 862.8
58079; 676; 846; 95.62; 143.57
58080; 631; 973; 18.72; 788.46
58081; 195; 707; 66.52; 192.49
58082; 958; 566; 82.28; 951.76
58083; 454; 627; 13.8; 754.78
58084; 878; 523; 94.06; 160.21
58085; 16; 399; 95.52; 62.24
58086; 218; 323; 21.56; 681.95
58087; 339; 736; 31.95; 128.66
58088; 48; 931; 2.57; 387.27
58089; 557; 511; 26.32; 254.45
58090; 708; 424; 67.42; 747.79
58091; 895; 730; 0.01; 504.82
58092; 288; 732; 8.77; 934.17
58093; 989; 275; 31.63; 418.06
58094; 758; 190; 64.71; 414.2
58095; 72; 462; 8.91; 135.98
58096; 843; 998; 57.56; 243.47
58097; 987; 253; 13.21; 720.9
58098; 29; 365; 29.98; 944.04
58099; 838; 32; 27.49; 123.12
58100; 625; 447; 44.91; 120.24
58101; 306; 373; 59.14; 586.22
58102; 865; 784; 50.5; 953.08
58103; 387; 804; 21.51; 238.32
58104; 733; 203; 94.37; 197.61
58105; 876; 754; 51.7; 633.11
58106; 454; 554; 55.99; 522.85
58107; 17; 399; 49.54; 205.33
58108; 258; 853; 66.99; 731.15
58109; 643; 783; 65.22; 739.36
58110; 590; 138; 82.28; 916.74
58111; 121; 859; 82.07; 244.97
58112; 877; 553; 83.43; 589.83
58113; 500; 39; 27.98; 365.68
58114; 657; 28; 28.95; 780.27
58115; 576; 239; 39.56; 693.85
58116; 673; 862; 29.9; 114.29
58117; 44; 108; 25.49; 148.95
58118; 799; 999; 28.38; 874.23
58119; 868; 983; 82.31; 750.81
58120; 535; 992; 54.92; 970.31
58121; 436; 838; 57.23; 539.53
58122; 599; 680; 70.61; 778.96
58123; 627; 466; 51.54; 91.72
58124; 247; 117; 92.43; 814.76
58125; 485; 591; 4.51; 902.12
58126; 360; 113; 37.15; 675.29
58127; 211; 307; 80.07; 864.22
58128; 601; 367; 26.69; 732.02
58129; 396; 879; 72.93; 540.35
58130; 646; 328; 86.99; 544.15
58131; 148; 775; 56.61; 361.86
58132; 591; 618; 28.26; 90.2
58133; 125; 801; 42.53; 983.27
58134; 37; 628; 49.93; 217.43
58135; 691; 947; 64.65; 257.39
58136; 963; 718; 89.23; 479.69
58137; 686; 595; 19.05; 608.94
58138; 885; 762; 77.26; 636.73
58139; 845; 976; 73.67; 340.02
58140; 101; 595; 34.08; 236.17
58141; 342; 629; 47.29; 32.62
58142; 709; 83; 58.5; 276.82
58143; 23; 556; 51.93; 647.79
58144; 84; 841; 18.63; 383.28
58145; 530; 968; 95.3; 879.13
58146; 823; 752; 1.19; 189.31
58147; 976; 505; 71.46; 120.84
58148; 607; 588; 85.18; 480.01
58149; 465; 81; 42.85; 852.76
58150; 155; 546; 74.97; 137.74
58151; 429; 676; 89.06; 318.06
58152; 637; 579; 86.63; 555.11
58153; 651; 18; 38.98; 604.08
58154; 880; 17; 46.93; 597.03
58155; 197; 618; 34.74; 521.88
58156; 653; 189; 45.29; 687.28
58157; 9; 384; 22.19; 681.54
58158; 583; 599; 22.32; 862.85
58159; 422; 109; 38.24; 103.58
58160; 710; 478; 28.79; 269.72
58161; 909; 460; 82.89; 495.92
58162; 675; 852; 23.9; 514.15
58163; 974; 551; 10.5; 59.4
58164; 307; 881; 46.98; 445.51
58165; 251; 420; 69.31; 994.31
58166; 627; 847; 10.99; 181.35
58167; 586; 240; 45.29; 582.58
58168; 21; 755; 32.17; 40.34
58169; 475; 177; 36.73; 793.78
58170; 518; 50; 4.61; 124.66
58171; 949; 410; 41.03; 129.33
58172; 389; 856; 89.99; 137.04
58173; 651; 600; 70.66; 814.09
58174; 946; 811; 89.68; 358.13
58175; 711; 686; 79.58; 439.53
58176; 603; 567; 4.67; 597.16
58177; 779; 688; 56.58; 883.88
58178; 669; 719; 13.32; 40.79
58179; 80; 130; 33.72; 544.69
58180; 428; 144; 28.78; 297.94
58181; 762; 760; 74.61; 93.65
58182; 997; 194; 10.01; 212.06
58183; 661; 24; 51.91; 803.54
58184; 76; 47; 5.52; 804.19
58185; 474; 802; 7.29; 252.73
58186; 148; 527; 38.17; 754.46
58187; 647; 27; 5.02; 613.19
58188; 759; 89; 79.15; 748.35
58189; 15; 708; 80.6; 600.79
58190; 699; 610; 63.16; 792.91
58191; 307; 311; 58.86; 958.11
58192; 683; 588; 5.08; 389.77
58193; 413; 261; 93.98; 709.28
58194; 438; 279; 98.45; 546.56
58195; 744; 848; 12.88; 410.43
58196; 527; 440; 60.46; 46.34
58197; 16; 779; 45.77; 419.38
58198; 482; 598; 24.82; 3.91
58199; 32; 141; 25.94; 467.42
58200; 2; 451; 78.01; 122.91
58201; 895; 762; 98.84; 544.22
58202; 806; 277; 34.45; 913.66
58203; 33; 334; 29.46; 585.36
58204; 76; 572; 35.18; 156.88
58205; 717; 213; 40.62; 564.98
58206; 664; 882; 47.07; 289.07
58207; 636; 257; 36.93; 347.34
58208; 769; 127; 98.6; 471.56
58209; 79; 198; 5.98; 571.54
58210; 789; 477; 71.32; 554.03
58211; 547; 367; 68.92; 533.39
58212; 192; 651; 7.11; 129.81
58213; 643; 529; 14.21; 109.39
58214; 524; 834; 93.22; 471.52
58215; 165; 688; 46.42; 211.76
58216; 207; 722; 49.33; 100.69
58217; 517; 216; 33.9; 575.38
58218; 289; 525; 93.85; 938.79
58219; 991; 348; 71.75; 937.25
58220; 610; 625; 22.03; 346.51
58221; 72; 314; 92.85; 404.99
58222; 499; 143; 50.05; 83.35
58223; 417; 449; 92.77; 934.66
58224; 902; 44; 11.16; 81.01
58225; 140; 542; 51.15; 243.05
58226; 424; 526; 20.14; 819.34
58227; 462; 10; 31.49; 911.37
58228; 582; 963; 26.38; 304.72
58229; 502; 510; 78.34; 264.31
58230; 893; 939; 98.83; 24.25
58231; 635; 43; 16.17; 453.83
58232; 21; 483; 77.96; 477.6
58233; 700; 446; 45.59; 125.3
58234; 747; 974; 67.71; 940.49
58235; 685; 756; 61.48; 268.78
58236; 335; 833; 97.53; 32.58
58237; 560; 937; 76.32; 667.05
58238; 404; 34; 73.66; 633.89
58239; 180; 315; 32.95; 526.2
58240; 226; 489; 11.54; 976.75
58241; 97; 460; 48.57; 197.45
58242; 684; 695; 41.56; 938.49
58243; 121; 15; 51.02; 677.62
58244; 664; 530; 74.28; 5.55
58245; 873; 574; 97.98; 467.82
58246; 229; 356; 20.64; 819.9
58247; 240; 784; 27.98; 125.19
58248; 337; 941; 76.28; 765.92
58249; 7; 880; 72.55; 426.57
58250; 132; 10; 78.95; 373.66
58251; 620; 437; 46.76; 500.61
58252; 506; 340; 45.92; 288.33
58253; 767; 251; 48.58; 877.55
58254; 225; 693; 31.96; 302.23
58255; 591; 94; 48.38; 427.4
58256; 790; 823; 23.53; 374.96
58257; 427; 426; 88.34; 992.43
58258; 128; 683; 72.95; 415.55
58259; 238; 824; 46.23; 59.94
58260; 12; 835; 60.09; 781.53
58261; 930; 346; 20.69; 81.92
58262; 527; 952; 54.04; 486.76
58263; 768; 884; 32.11; 711.47
58264; 396; 142; 40.38; 648.87
58265; 834; 825; 82.09; 961.38
58266; 891; 138; 29.08; 119.72
58267; 951; 643; 31.98; 567.49
58268; 493; 818; 86.82; 397.18
58269; 666; 429; 0.79; 787.76
58270; 954; 402; 30.07; 223.48
58271; 785; 710; 14.47; 385.88
58272; 156; 947; 11.94; 706.32
58273; 681; 577; 18.24; 633.12
58274; 813; 477; 46.13; 869.33
58275; 359; 164; 48.86; 387.16
58276; 896; 749; 97.58; 480.65
58277; 445; 457; 66.1; 530.89
58278; 167; 598; 68.8; 180.0
58279; 485; 968; 22.93; 171.22
58280; 481; 10; 22.56; 994.82
58281; 210; 742; 47.85; 842.43
58282; 601; 837; 24.27; 302.74
58283; 17; 589; 49.17; 774.39
58284; 402; 786; 19.64; 833.63
58285; 956; 713; 85.08; 644.0
58286; 829; 544; 53.73; 930.47
58287; 46; 58; 27.8; 789.31
58288; 704; 991; 21.64; 975.45
58289; 152; 374; 17.63; 503.53
58290; 103; 871; 93.96; 184.49
58291; 97; 582; 82.32; 512.42
58292; 515; 629; 73.87; 749.7
58293; 238; 579; 58.58; 581.65
58294; 149; 89; 54.45; 709.3
58295; 171; 14; 8.96; 653.54
58296; 485; 476; 0.46; 336.47
58297; 628; 372; 10.41; 329.0
58298; 785; 632; 78.2; 785.35
58299; 154; 74; 25.23; 50.13
58300; 3; 211; 15.65; 140.41
58301; 99; 227; 82.44; 700.59
58302; 579; 713; 43.83; 18.3
58303; 780; 42; 77.64; 260.18
58304; 988; 725; 85.75; 872.06
58305; 595; 363; 37.3; 973.65
58306; 320; 572; 72.55; 736.18
58307; 514; 649; 11.68; 194.52
58308; 343; 24; 44.23; 532.44
58309; 417; 827; 46.19; 770.83
58310; 584; 942; 79.43; 95.77
58311; 58; 984; 10.9; 506.57
58312; 519; 626; 10.72; 170.82
58313; 347; 745; 59.68; 398.78
58314; 272; 37; 99.9; 162.22
58315; 8; 947; 43.49; 843.77
58316; 12; 633; 19.25; 779.93
58317; 502; 708; 80.13; 24.73
58318; 904; 40; 77.23; 929.11
58319; 870; 728; 96.23; 719.13
58320; 834; 956; 10.77; 7.66
58321; 785; 384; 90.86; 81.03
58322; 950; 443; 0.24; 245.39
58323; 16; 758; 81.82; 11.0
58324; 991; 581; 57.62; 289.37
58325; 214; 119; 95.4; 33.15
58326; 220; 134; 10.06; 769.46
58327; 438; 675; 58.39; 118.97
58328; 49; 183; 77.41; 633.22
58329; 387; 672; 65.13; 656.86
58330; 548; 112; 68.23; 745.6
58331; 876; 130; 21.89; 97.16
58332; 957; 152; 54.05; 637.28
58333; 806; 499; 68.11; 546.23
58334; 302; 899; 36.7; 600.84
58335; 315; 268; 22.87; 951.94
58336; 106; 740; 22.6; 121.8
58337; 342; 239; 54.59; 122.38
58338; 933; 506; 37.14; 27.39
58339; 233; 671; 61.14; 692.39
58340; 622; 118; 8.47; 879.3
58341; 437; 792; 95.56; 184.13
58342; 573; 310; 92.24; 703.47
58343; 114; 679; 52.43; 2.43
58344; 29; 282; 7.73; 920.07
58345; 301; 94; 97.27; 407.33
58346; 918; 851; 88.06; 932.56
58347; 410; 454; 52.44; 166.51
58348; 246; 573; 23.54; 341.34
58349; 333; 447; 74.33; 72.59
58350; 443; 4; 58.03; 499.35
58351; 443; 516; 41.65; 971.38
58352; 507; 31; 23.26; 158.4
58353; 817; 906; 63.48; 630.03
58354; 235; 135; 5.62; 451.58
58355; 531; 976; 40.07; 21.0
58356; 518; 525; 78.49; 423.1
58357; 18; 623; 63.26; 891.28
58358; 324; 652; 76.86; 709.1
58359; 267; 347; 27.29; 168.9
58360; 68; 959; 2.81; 237.83
58361; 936; 966; 35.67; 735.15
58362; 44; 763; 73.18; 523.71
58363; 34; 853; 8.74; 261.88
58364; 364; 995; 1.68; 349.65
58365; 553; 805; 81.66; 395.22
58366; 275; 883; 39.73; 272.97
58367; 922; 308; 5.84; 496.9
58368; 661; 829; 92.38; 885.85
58369; 849; 395; 39.39; 155.88
58370; 649; 562; 4.82; 346.6
58371; 690; 875; 14.7; 479.97
58372; 330; 981; 80.6; 212.2
58373; 561; 502; 33.21; 883.34
58374; 334; 228; 68.68; 798.62
58375; 864; 87; 62.1; 535.8
58376; 109; 158; 45.38; 27.51
58377; 828; 708; 33.23; 171.66
58378; 76; 329; 62.48; 580.64
58379; 506; 710; 44.06; 313.83
58380; 710; 461; 98.29; 831.53
58381; 730; 994; 40.14; 913.45
58382; 60; 66; 50.91; 828.53
58383; 51; 412; 80.49; 294.55
58384; 876; 988; 93.06; 450.64
58385; 124; 720; 99.64; 882.29
58386; 95; 48; 19.91; 456.67
58387; 669; 194; 52.18; 830.92
58388; 597; 567; 58.78; 532.25
58389; 739; 577; 5.45; 866.43
58390; 126; 375; 15.11; 627.76
58391; 696; 508; 27.61; 128.94
58392; 750; 91; 24.95; 508.03
58393; 136; 840; 72.27; 339.06
58394; 876; 705; 77.54; 753.78
58395; 868; 94; 79.67; 1.08
58396; 942; 866; 48.34; 114.47
58397; 555; 479; 9.48; 801.54
58398; 963; 738; 55.29; 741.26
58399; 583; 43; 24.53; 421.3
58400; 539; 498; 29.89; 995.71
58401; 269; 973; 49.58; 93.73
58402; 209; 285; 67.84; 544.18
58403; 690; 487; 21.99; 480.33
58404; 985; 933; 87.46; 21.26
58405; 283; 378; 76.61; 80.03
58406; 479; 492; 38.41; 559.72
58407; 25; 347; 41.28; 28.32
58408; 907; 839; 37.35; 926.36
58409; 43; 914; 85.78; 52.59
58410; 980; 862; 74.73; 430.89
58411; 805; 156; 26.63; 844.62
58412; 948; 18; 89.22; 715.29
58413; 946; 505; 33.01; 259.85
58414; 567; 974; 24.52; 862.7
58415; 237; 769; 87.96; 968.66
58416; 744; 219; 78.62; 996.78
58417; 43; 737; 91.7; 889.04
58418; 603; 107; 94.32; 112.02
58419; 83; 516; 44.2; 344.05
58420; 497; 561; 75.36; 547.45
58421; 409; 124; 75.71; 641.29
58422; 754; 615; 11.57; 936.71
58423; 690; 301; 75.81; 27.37
58424; 750; 495; 61.81; 339.88
58425; 203; 764; 90.7; 135.94
58426; 310; 837; 75.83; 282.67
58427; 784; 980; 46.09; 263.69
58428; 873; 435; 14.68; 816.81
58429; 40; 348; 23.6; 988.26
58430; 100; 318; 37.51; 134.36
58431; 448; 659; 82.74; 147.89
58432; 527; 568; 14.86; 857.76
58433; 985; 639; 96.28; 55.88
58434; 786; 966; 58.42; 212.03
58435; 154; 322; 82.12; 812.56
58436; 467; 643; 90.92; 39.42
58437; 777; 945; 34.74; 82.3
58438; 928; 690; 98.49; 68.31
58439; 282; 23; 8.69; 157.44
58440; 476; 459; 88.33; 506.81
58441; 44; 198; 33.73; 9.93
58442; 251; 108; 52.87; 60.66
58443; 730; 562; 25.18; 759.14
58444; 135; 374; 82.01; 150.38
58445; 504; 431; 15.76; 35.11
58446; 130; 486; 8.41; 429.61
58447; 439; 952; 44.57; 948.63
58448; 216; 479; 40.08; 353.15
58449; 187; 0; 71.93; 537.93
58450; 759; 739; 29.63; 204.0
58451; 702; 305; 80.23; 952.94
58452; 540; 91; 49.0; 756.83
58453; 907; 386; 29.9; 7.68
58454; 284; 31; 50.91; 349.66
58455; 974; 80; 76.71; 861.15
58456; 349; 844; 43.82; 556.45
58457; 183; 124; 41.1; 895.01
58458; 272; 586; 78.78; 480.27
58459; 335; 113; 78.09; 403.74
58460; 729; 63; 4.15; 350.93
58461; 978; 988; 56.5; 205.72
58462; 424; 80; 26.34; 445.71
58463; 433; 157; 57.14; 925.03
58464; 853; 314; 73.5; 268.67
58465; 55; 949; 79.15; 643.26
58466; 850; 915; 42.57; 704.61
58467; 822; 392; 76.98; 128.76
58468; 476; 168; 21.38; 563.67
58469; 759; 860; 30.7; 427.66
58470; 77; 425; 59.51; 757.74
58471; 279; 828; 34.61; 901.6
58472; 309; 663; 68.22; 145.84
58473; 92; 91; 80.57; 659.24
58474; 930; 306; 47.12; 933.48
58475; 259; 899; 91.72; 345.66
58476; 463; 671; 71.89; 465.95
58477; 592; 553; 23.49; 721.23
58478; 670; 548; 81.47; 661.03
58479; 244; 712; 23.58; 249.7
58480; 326; 856; 55.16; 724.16
58481; 617; 808; 61.0; 734.37
58482; 785; 307; 27.56; 197.58
58483; 27; 123; 19.46; 452.78
58484; 585; 375; 77.98; 658.16
58485; 283; 364; 98.92; 532.69
58486; 184; 569; 43.59; 675.74
58487; 548; 677; 3.77; 362.55
58488; 987; 300; 17.61; 112.85
58489; 824; 982; 87.78; 455.99
58490; 291; 190; 59.07; 135.6
58491; 919; 481; 4.62; 481.35
58492; 0; 912; 47.05; 190.52
58493; 846; 396; 32.31; 768.12
58494; 342; 18; 98.99; 721.4
58495; 457; 212; 38.57; 250.85
58496; 342; 461; 11.09; 693.13
58497; 390; 867; 95.49; 311.86
58498; 598; 239; 76.34; 656.62
58499; 476; 674; 81.9; 178.95
58500; 891; 625; 36.32; 70.26
58501; 710; 871; 38.98; 179.28
58502; 227; 96; 40.33; 59.26
58503; 109; 455; 48.61; 140.37
58504; 900; 258; 37.56; 540.5
58505; 227; 447; 3.32; 861.94
58506; 575; 63; 48.19; 712.46
58507; 207; 719; 34.57; 177.6
58508; 649; 296; 77.73; 945.68
58509; 781; 680; 22.84; 595.71
58510; 481; 108; 81.87; 549.61
58511; 313; 203; 81.96; 603.85
58512; 464; 885; 4.65; 594.14
58513; 399; 150; 99.39; 705.69
58514; 760; 24; 69.66; 517.16
58515; 473; 945; 72.1; 706.11
58516; 778; 721; 90.95; 859.01
58517; 965; 430; 17.6; 713.37
58518; 293; 265; 87.57; 168.59
58519; 743; 104; 64.36; 518.54
58520; 983; 585; 81.82; 408.05
58521; 85; 807; 13.29; 432.8
58522; 426; 384; 81.73; 369.04
58523; 321; 74; 75.01; 488.08
58524; 532; 625; 47.87; 696.6
58525; 80; 247; 28.67; 213.42
58526; 296; 844; 67.58; 438.48
58527; 660; 701; 83.49; 285.1
58528; 609; 176; 5.07; 673.82
58529; 484; 492; 46.44; 498.0
58530; 935; 917; 23.9; 508.4
58531; 709; 220; 89.3; 998.21
58532; 214; 453; 7.29; 427.01
58533; 399; 810; 66.15; 839.0
58534; 340; 388; 45.52; 108.75
58535; 567; 734; 38.99; 527.63
58536; 781; 258; 80.53; 421.57
58537; 296; 991; 4.23; 716.47
58538; 462; 146; 97.23; 372.95
58539; 263; 937; 79.26; 260.88
58540; 279; 501; 37.79; 784.89
58541; 261; 543; 29.37; 128.44
58542; 349; 811; 65.87; 272.98
58543; 285; 667; 58.7; 362.52
58544; 104; 490; 11.18; 249.61
58545; 163; 522; 89.94; 77.81
58546; 764; 956; 59.07; 964.27
58547; 395; 0; 96.95; 815.05
58548; 99; 247; 94.84; 947.43
58549; 33; 627; 43.5; 10.06
58550; 735; 93; 6.39; 56.93
58551; 662; 986; 23.89; 414.11
58552; 647; 38; 16.62; 840.85
58553; 31; 391; 24.11; 122.82
58554; 510; 182; 83.58; 368.87
58555; 99; 904; 0.32; 648.59
58556; 850; 745; 49.99; 271.35
58557; 442; 887; 51.5; 265.26
58558; 950; 371; 4.05; 256.85
58559; 447; 452; 1.0; 869.36
58560; 596; 862; 64.06; 714.2
58561; 298; 449; 88.23; 58.14
58562; 480; 45; 16.02; 901.5
58563; 616; 965; 4.8; 592.95
58564; 381; 610; 20.75; 796.68
58565; 670; 515; 21.46; 207.46
58566; 740; 823; 86.56; 107.74
58567; 529; 234; 91.1; 342.09
58568; 531; 255; 63.09; 235.6
58569; 791; 283; 28.79; 395.1
58570; 90; 833; 48.03; 760.42
58571; 863; 810; 4.11; 82.41
58572; 549; 741; 20.39; 938.19
58573; 174; 699; 67.1; 203.43
58574; 365; 297; 12.58; 31.36
58575; 911; 405; 36.23; 338.89
58576; 111; 138; 76.82; 117.46
58577; 171; 652; 24.26; 548.46
58578; 538; 727; 67.11; 632.03
58579; 425; 336; 12.75; 955.61
58580; 8; 575; 69.37; 851.6
58581; 435; 2; 49.66; 488.99
58582; 465; 193; 18.12; 840.94
58583; 331; 23; 4.87; 861.92
58584; 217; 31; 15.14; 733.07
58585; 275; 619; 32.2; 958.03
58586; 469; 257; 75.52; 30.05
58587; 147; 829; 15.24; 872.24
58588; 650; 75; 62.78; 618.74
58589; 411; 982; 57.99; 599.86
58590; 126; 630; 85.63; 664.06
58591; 962; 757; 28.7; 864.6
58592; 41; 581; 25.9; 677.32
58593; 195; 875; 2.66; 372.42
58594; 32; 951; 60.99; 556.97
58595; 476; 119; 69.79; 708.76
58596; 283; 200; 70.39; 562.72
58597; 582; 942; 9.37; 545.0
58598; 539; 646; 85.4; 429.54
58599; 203; 239; 25.29; 168.51
58600; 42; 375; 91.34; 371.42
58601; 23; 637; 16.51; 567.39
58602; 462; 411; 35.3; 894.14
58603; 824; 899; 24.79; 824.06
58604; 816; 68; 34.9; 234.45
58605; 593; 40; 71.53; 174.24
58606; 178; 964; 58.08; 593.47
58607; 25; 429; 70.84; 520.7
58608; 145; 932; 54.5; 925.47
58609; 702; 4; 77.36; 315.24
58610; 499; 781; 51.31; 981.65
58611; 372; 143; 98.1; 281.69
58612; 487; 947; 2.8; 68.08
58613; 675; 138; 65.73; 989.44
58614; 314; 655; 64.98; 965.28
58615; 577; 369; 83.31; 518.86
58616; 687; 50; 84.13; 420.75
58617; 889; 361; 89.67; 262.21
58618; 578; 458; 89.06; 267.71
58619; 669; 950; 64.78; 840.93
58620; 628; 657; 50.72; 917.7
58621; 686; 507; 79.02; 172.95
58622; 997; 131; 30.04; 338.05
58623; 992; 857; 35.34; 751.53
58624; 976; 10; 34.35; 160.72
58625; 866; 358; 51.53; 2.36
58626; 895; 849; 80.99; 255.72
58627; 574; 364; 49.47; 752.14
58628; 50; 732; 90.3; 267.19
58629; 277; 790; 65.88; 204.94
58630; 819; 580; 63.46; 529.41
58631; 404; 997; 57.4; 769.63
58632; 990; 66; 78.49; 157.78
58633; 34; 794; 48.6; 49.07
58634; 649; 116; 71.18; 418.63
58635; 112; 137; 19.78; 147.56
58636; 790; 664; 81.2; 219.97
58637; 284; 210; 88.62; 387.33
58638; 478; 311; 67.96; 398.97
58639; 535; 246; 3.8; 930.49
58640; 144; 163; 6.37; 451.76
58641; 299; 12; 94.83; 601.23
58642; 175; 846; 58.79; 603.49
58643; 950; 40; 93.22; 891.57
58644; 157; 419; 8.69; 386.4
58645; 113; 560; 93.76; 779.62
58646; 530; 638; 26.32; 911.27
58647; 43; 648; 32.22; 332.78
58648; 912; 705; 92.01; 639.45
58649; 211; 340; 73.48; 322.7
58650; 232; 998; 60.83; 823.56
58651; 173; 15; 18.43; 214.68
58652; 948; 766; 95.26; 217.32
58653; 892; 791; 53.73; 466.25
58654; 499; 882; 93.15; 580.22
58655; 86; 965; 31.7; 743.48
58656; 37; 688; 19.19; 753.11
58657; 370; 324; 70.23; 238.99
58658; 291; 22; 80.31; 202.04
58659; 607; 75; 79.69; 671.85
58660; 480; 614; 38.74; 613.97
58661; 687; 260; 9.59; 677.37
58662; 47; 33; 27.96; 502.41
58663; 915; 574; 63.69; 619.32
58664; 417; 509; 47.68; 823.17
58665; 563; 567; 30.35; 574.7
58666; 177; 894; 45.07; 13.93
58667; 289; 562; 10.36; 97.91
58668; 141; 263; 61.8; 886.74
58669; 31; 622; 24.58; 449.08
58670; 167; 954; 7.76; 583.55
58671; 411; 598; 88.17; 212.57
58672; 937; 386; 82.61; 869.11
58673; 277; 41; 13.14; 677.77
58674; 15; 776; 71.6; 587.24
58675; 872; 584; 25.15; 757.75
58676; 655; 947; 1.95; 777.56
58677; 195; 899; 36.75; 475.12
58678; 181; 831; 3.98; 239.21
58679; 820; 929; 28.43; 525.51
58680; 2; 347; 93.5; 799.14
58681; 66; 282; 96.82; 502.72
58682; 981; 599; 10.03; 970.65
58683; 847; 440; 35.33; 767.42
58684; 821; 338; 65.84; 232.08
58685; 624; 312; 18.03; 746.57
58686; 298; 131; 81.4; 890.39
58687; 510; 987; 57.63; 479.42
58688; 854; 755; 69.1; 182.9
58689; 73; 684; 40.65; 937.91
58690; 65; 98; 38.77; 864.77
58691; 50; 513; 38.73; 97.18
58692; 978; 714; 70.64; 337.59
58693; 777; 229; 78.4; 718.9
58694; 242; 495; 12.94; 411.76
58695; 705; 87; 3.09; 471.44
58696; 184; 463; 78.47; 346.73
58697; 27; 622; 34.41; 152.1
58698; 504; 471; 96.58; 713.89
58699; 54; 680; 87.24; 12.61
58700; 439; 237; 25.24; 365.46
58701; 931; 706; 57.97; 427.98
58702; 415; 175; 79.45; 499.58
58703; 889; 816; 86.4; 649.28
58704; 651; 983; 84.58; 977.62
58705; 196; 173; 81.58; 870.03
58706; 164; 774; 16.19; 796.67
58707; 676; 55; 64.89; 199.34
58708; 649; 907; 98.45; 768.23
58709; 305; 701; 70.41; 223.33
58710; 119; 9; 60.9; 289.83
58711; 508; 59; 43.47; 368.78
58712; 982; 689; 96.41; 303.06
58713; 784; 939; 4.87; 320.26
58714; 814; 527; 22.45; 417.63
58715; 126; 992; 76.34; 461.83
58716; 818; 989; 24.42; 786.86
58717; 740; 37; 47.69; 336.45
58718; 519; 532; 77.9; 332.01
58719; 127; 499; 47.14; 521.97
58720; 328; 367; 84.94; 496.26
58721; 946; 353; 62.24; 241.31
58722; 175; 852; 54.11; 10.67
58723; 390; 92; 42.97; 698.09
58724; 283; 521; 37.41; 339.27
58725; 907; 542; 41.12; 94.75
58726; 507; 320; 31.81; 532.62
58727; 394; 276; 5.64; 604.35
58728; 952; 510; 31.39; 405.01
58729; 184; 193; 28.93; 209.75
58730; 457; 584; 11.37; 725.82
58731; 752; 432; 20.77; 984.1
58732; 475; 801; 92.67; 778.93
58733; 640; 229; 36.63; 669.15
58734; 80; 39; 87.94; 958.83
58735; 707; 676; 58.75; 815.83
58736; 968; 606; 2.72; 635.88
58737; 869; 25; 32.14; 142.49
58738; 4; 892; 47.56; 377.31
58739; 152; 485; 37.73; 514.74
58740; 100; 764; 13.21; 498.52
58741; 932; 901; 15.16; 186.15
58742; 297; 415; 98.72; 653.51
58743; 229; 863; 61.37; 721.62
58744; 88; 759; 64.08; 212.32
58745; 782; 175; 10.22; 439.41
58746; 655; 585; 16.14; 957.9
58747; 876; 345; 21.54; 759.04
58748; 148; 249; 31.28; 714.48
58749; 537; 580; 84.04; 735.95
58750; 710; 391; 0.86; 994.05
58751; 205; 586; 22.68; 327.3
58752; 228; 998; 10.48; 682.86
58753; 231; 253; 10.34; 561.63
58754; 696; 4; 98.83; 806.94
58755; 160; 539; 86.83; 520.51
58756; 857; 105; 28.03; 31.12
58757; 647; 525; 42.0; 311.7
58758; 699; 204; 32.7; 97.12
58759; 399; 747; 49.46; 591.93
58760; 390; 151; 51.55; 266.77
58761; 41; 912; 69.62; 425.64
58762; 229; 717; 23.26; 360.06
58763; 240; 557; 33.11; 489.93
58764; 658; 23; 43.14; 908.87
58765; 748; 172; 34.45; 228.52
58766; 932; 772; 34.66; 687.38
58767; 862; 466; 79.33; 877.07
58768; 336; 978; 66.07; 938.17
58769; 40; 309; 13.54; 117.08
58770; 423; 135; 98.88; 933.69
58771; 370; 733; 17.27; 112.84
58772; 242; 584; 22.61; 367.56
58773; 550; 88; 4.23; 426.13
58774; 388; 995; 73.59; 485.34
58775; 603; 272; 19.07; 916.07
58776; 489; 473; 57.67; 741.38
58777; 186; 406; 59.07; 52.29
58778; 520; 772; 99.58; 309.25
58779; 757; 845; 44.79; 639.94
58780; 581; 166; 93.92; 888.35
58781; 262; 979; 31.07; 969.3
58782; 512; 627; 36.75; 228.1
58783; 954; 754; 67.23; 863.11
58784; 102; 435; 31.52; 196.92
58785; 438; 114; 79.66; 381.5
58786; 714; 240; 16.83; 390.19
58787; 454; 607; 86.1; 952.52
58788; 941; 320; 89.94; 837.31
58789; 581; 826; 93.51; 693.37
58790; 205; 853; 31.03; 952.97
58791; 827; 365; 40.35; 913.82
58792; 952; 501; 57.63; 489.44
58793; 872; 877; 45.41; 951.19
58794; 871; 546; 87.14; 707.51
58795; 222; 851; 16.88; 715.3
58796; 107; 414; 94.59; 946.23
58797; 427; 495; 22.02; 171.59
58798; 671; 109; 40.99; 115.88
58799; 576; 22; 95.17; 456.62
58800; 172; 221; 68.65; 869.79
58801; 192; 99; 19.18; 608.13
58802; 974; 718; 15.32; 276.48
58803; 330; 718; 88.57; 653.28
58804; 664; 834; 81.55; 340.21
58805; 412; 139; 42.6; 887.64
58806; 700; 468; 5.71; 518.6
58807; 582; 804; 38.67; 838.62
58808; 613; 690; 29.34; 843.5
58809; 526; 375; 42.14; 415.15
58810; 41; 490; 67.41; 818.72
58811; 513; 143; 34.47; 63.43
58812; 845; 128; 37.04; 146.63
58813; 923; 519; 18.06; 263.45
58814; 692; 16; 83.72; 582.28
58815; 16; 555; 54.36; 200.83
58816; 812; 661; 50.54; 808.41
58817; 267; 797; 84.35; 565.76
58818; 826; 443; 53.64; 783.27
58819; 867; 135; 72.7; 728.71
58820; 731; 769; 20.94; 354.46
58821; 987; 300; 55.32; 875.08
58822; 260; 33; 75.07; 15.65
58823; 64; 818; 3.14; 791.49
58824; 355; 128; 3.8; 185.83
58825; 790; 907; 77.57; 641.75
58826; 906; 793; 80.88; 115.16
58827; 479; 468; 76.05; 539.89
58828; 472; 440; 56.25; 480.05
58829; 100; 66; 95.14; 700.19
58830; 490; 427; 59.9; 698.17
58831; 640; 968; 96.85; 468.04
58832; 309; 230; 45.26; 487.7
58833; 175; 344; 57.82; 428.26
58834; 670; 409; 89.3; 455.2
58835; 107; 752; 48.9; 509.01
58836; 646; 568; 40.77; 78.0
58837; 754; 389; 98.05; 53.48
58838; 353; 801; 0.35; 95.54
58839; 817; 440; 8.69; 648.36
58840; 775; 135; 79.37; 143.06
58841; 745; 924; 89.57; 433.6
58842; 469; 264; 51.57; 817.25
58843; 491; 333; 69.74; 891.44
58844; 86; 584; 95.84; 874.48
58845; 51; 886; 68.54; 109.26
58846; 729; 121; 4.04; 855.59
58847; 803; 164; 50.14; 977.33
58848; 620; 337; 66.07; 440.0
58849; 518; 861; 16.12; 920.13
58850; 562; 209; 59.98; 949.19
58851; 708; 426; 54.42; 662.54
58852; 439; 465; 68.74; 795.46
58853; 34; 817; 68.84; 890.54
58854; 351; 408; 84.74; 817.38
58855; 62; 169; 17.7; 152.65
58856; 919; 388; 67.65; 965.3
58857; 261; 392; 78.32; 96.22
58858; 959; 626; 14.35; 567.93
58859; 397; 494; 72.37; 123.12
58860; 641; 954; 58.21; 339.36
58861; 380; 931; 15.54; 775.08
58862; 759; 534; 71.82; 820.37
58863; 900; 590; 57.73; 395.1
58864; 696; 891; 17.99; 490.93
58865; 430; 477; 4.54; 436.63
58866; 324; 57; 3.95; 673.67
58867; 21; 148; 22.18; 372.65
58868; 786; 890; 36.64; 944.49
58869; 705; 975; 16.86; 132.2
58870; 379; 46; 21.06; 755.33
58871; 645; 942; 41.92; 120.64
58872; 103; 533; 69.85; 437.24
58873; 616; 66; 27.22; 855.4
58874; 164; 16; 37.45; 761.36
58875; 678; 533; 88.55; 667.3
58876; 945; 987; 42.1; 169.16
58877; 274; 203; 19.83; 631.95
58878; 767; 547; 58.91; 51.32
58879; 287; 484; 18.08; 875.72
58880; 975; 326; 37.18; 235.63
58881; 689; 669; 81.36; 791.67
58882; 873; 531; 55.93; 542.06
58883; 396; 919; 69.54; 589.48
58884; 73; 3; 64.95; 492.45
58885; 383; 583; 48.96; 508.91
58886; 864; 61; 64.45; 209.98
58887; 513; 45; 31.27; 677.12
58888; 847; 777; 14.69; 776.65
58889; 22; 785; 26.4; 318.45
58890; 789; 553; 3.75; 623.57
58891; 282; 813; 77.24; 361.99
58892; 499; 141; 7.67; 215.77
58893; 806; 413; 19.53; 554.89
58894; 30; 580; 97.29; 981.45
58895; 771; 303; 44.18; 460.8
58896; 21; 605; 85.56; 364.49
58897; 384; 608; 25.04; 990.81
58898; 104; 231; 57.24; 803.01
58899; 143; 363; 11.36; 573.76
58900; 503; 326; 26.46; 6.69
58901; 718; 535; 41.74; 570.4
58902; 582; 399; 74.44; 382.62
58903; 139; 891; 68.57; 469.71
58904; 215; 652; 92.03; 724.53
58905; 510; 990; 19.46; 678.24
58906; 696; 786; 5.39; 655.34
58907; 823; 681; 87.93; 517.22
58908; 282; 820; 66.86; 812.14
58909; 461; 881; 96.05; 823.57
58910; 776; 694; 13.5; 81.65
58911; 616; 180; 44.46; 259.75
58912; 270; 328; 37.69; 190.99
58913; 324; 74; 14.55; 801.64
58914; 720; 581; 1.47; 155.34
58915; 578; 374; 48.9; 835.37
58916; 526; 208; 56.21; 255.46
58917; 1; 550; 32.52; 379.39
58918; 926; 365; 31.99; 690.23
58919; 363; 535; 7.49; 81.53
58920; 713; 43; 63.08; 190.55
58921; 286; 499; 27.76; 960.36
58922; 239; 766; 65.91; 391.94
58923; 294; 180; 65.64; 637.52
58924; 305; 463; 3.39; 698.63
58925; 399; 145; 80.29; 74.54
58926; 523; 158; 57.98; 323.09
58927; 310; 290; 4.95; 896.86
58928; 440; 852; 75.72; 396.72
58929; 434; 241; 7.47; 390.62
58930; 468; 979; 25.41; 408.73
58931; 3; 708; 81.7; 660.74
58932; 841; 818; 62.4; 548.68
58933; 609; 940; 54.62; 85.24
58934; 447; 942; 73.42; 932.39
58935; 364; 415; 0.25; 333.61
58936; 979; 555; 27.52; 238.96
58937; 709; 115; 16.4; 819.1
58938; 274; 402; 67.47; 699.42
58939; 818; 704; 81.12; 699.36
58940; 540; 278; 53.08; 403.48
58941; 254; 707; 71.8; 534.42
58942; 432; 15; 25.28; 301.91
58943; 79; 436; 48.62; 372.98
58944; 364; 291; 26.03; 248.81
58945; 146; 468; 2.08; 288.0
58946; 937; 898; 10.83; 557.57
58947; 874; 74; 77.78; 613.98
58948; 710; 103; 96.79; 333.86
58949; 153; 802; 26.5; 593.1
58950; 730; 780; 70.67; 406.99
58951; 693; 100; 3.86; 112.09
58952; 590; 998; 88.48; 775.95
58953; 543; 55; 60.89; 215.94
58954; 304; 398; 15.43; 954.61
58955; 847; 614; 43.89; 432.49
58956; 72; 941; 42.55; 120.62
58957; 1; 630; 85.24; 288.04
58958; 465; 830; 74.95; 926.4
58959; 931; 177; 13.23; 963.01
58960; 958; 189; 85.19; 131.1
58961; 613; 707; 20.12; 128.72
58962; 471; 606; 34.09; 175.82
58963; 846; 104; 65.06; 4.55
58964; 315; 904; 34.63; 809.42
58965; 416; 82; 70.37; 611.35
58966; 616; 333; 88.97; 68.97
58967; 919; 912; 75.84; 13.81
58968; 660; 189; 44.81; 415.7
58969; 360; 792; 65.13; 257.29
58970; 320; 97; 66.56; 401.32
58971; 387; 166; 95.08; 773.99
58972; 883; 690; 77.09; 663.49
58973; 954; 967; 14.01; 92.3
58974; 573; 992; 15.36; 801.93
58975; 6; 20; 64.49; 762.75
58976; 274; 528; 51.43; 342.47
58977; 462; 544; 68.02; 898.33
58978; 879; 445; 56.84; 350.26
58979; 888; 607; 31.19; 381.75
58980; 618; 424; 98.48; 789.09
58981; 975; 710; 34.92; 161.65
58982; 294; 957; 89.73; 776.99
58983; 165; 487; 51.46; 158.83
58984; 677; 849; 37.29; 939.42
58985; 861; 809; 66.51; 145.06
58986; 243; 775; 81.69; 781.8
58987; 432; 341; 48.66; 645.64
58988; 496; 671; 82.64; 937.17
58989; 553; 497; 71.02; 332.77
58990; 811; 160; 99.15; 13.18
58991; 97; 169; 88.34; 814.33
58992; 447; 783; 91.41; 178.69
58993; 113; 869; 85.9; 902.47
58994; 41; 631; 71.54; 213.93
58995; 522; 196; 60.26; 214.03
58996; 767; 337; 53.64; 79.9
58997; 953; 567; 47.91; 239.3
58998; 156; 301; 5.72; 892.81
58999; 919; 263; 0.32; 647.69
59000; 59; 634; 72.84; 568.82
59001; 750; 105; 12.52; 6.94
59002; 683; 581; 11.06; 888.15
59003; 143; 312; 57.63; 369.96
59004; 322; 303; 4.49; 850.96
59005; 860; 698; 90.12; 981.66
59006; 457; 221; 8.05; 269.61
59007; 456; 995; 69.18; 876.87
59008; 898; 78; 31.41; 863.62
59009; 347; 465; 89.9; 542.9
59010; 678; 718; 19.43; 648.92
59011; 805; 882; 44.11; 948.37
59012; 170; 868; 10.28; 219.2
59013; 189; 177; 21.72; 565.14
59014; 410; 224; 1.3; 3.91
59015; 618; 672; 32.5; 717.65
59016; 911; 808; 12.37; 169.71
59017; 862; 309; 14.27; 701.5
59018; 165; 196; 26.08; 682.45
59019; 536; 290; 36.76; 424.06
59020; 573; 388; 44.36; 652.52
59021; 675; 208; 19.9; 350.71
59022; 523; 338; 41.79; 67.98
59023; 312; 44; 20.19; 197.45
59024; 626; 611; 78.31; 840.52
59025; 96; 854; 93.08; 352.66
59026; 620; 706; 40.9; 446.58
59027; 763; 848; 58.95; 216.05
59028; 670; 805; 67.93; 360.13
59029; 666; 539; 70.63; 179.03
59030; 927; 977; 89.02; 18.68
59031; 207; 86; 37.19; 596.61
59032; 531; 997; 50.5; 68.97
59033; 749; 515; 28.18; 269.65
59034; 404; 807; 12.73; 299.81
59035; 215; 299; 40.82; 851.54
59036; 447; 804; 46.35; 491.5
59037; 617; 741; 0.19; 835.56
59038; 268; 798; 59.04; 304.44
59039; 917; 556; 79.53; 57.68
59040; 832; 642; 20.41; 457.28
59041; 512; 470; 98.76; 541.79
59042; 974; 374; 33.89; 978.64
59043; 147; 971; 63.87; 502.82
59044; 754; 832; 48.29; 861.21
59045; 666; 342; 84.95; 557.38
59046; 819; 50; 85.79; 247.24
59047; 902; 270; 48.66; 625.87
59048; 199; 799; 8.0; 675.36
59049; 136; 192; 32.59; 421.59
59050; 18; 355; 72.44; 29.65
59051; 703; 174; 81.44; 379.11
59052; 608; 801; 95.59; 435.51
59053; 782; 286; 56.51; 441.72
59054; 16; 328; 98.72; 607.27
59055; 303; 404; 52.78; 874.82
59056; 365; 48; 87.74; 385.37
59057; 175; 23; 56.77; 292.36
59058; 848; 408; 8.7; 819.4
59059; 778; 968; 42.06; 402.59
59060; 467; 707; 74.89; 240.05
59061; 788; 496; 32.84; 462.68
59062; 752; 410; 2.35; 97.76
59063; 479; 312; 43.51; 816.85
59064; 141; 239; 13.78; 939.92
59065; 89; 149; 1.51; 803.57
59066; 328; 472; 31.11; 656.58
59067; 675; 966; 74.86; 868.11
59068; 862; 619; 86.02; 934.06
59069; 364; 807; 37.67; 814.93
59070; 354; 993; 56.77; 824.12
59071; 682; 792; 4.01; 580.43
59072; 252; 617; 56.75; 154.88
59073; 843; 202; 62.62; 68.76
59074; 345; 383; 83.69; 420.74
59075; 250; 594; 17.41; 796.89
59076; 361; 498; 2.3; 831.73
59077; 81; 28; 93.9; 886.72
59078; 211; 634; 76.93; 426.84
59079; 555; 251; 41.6; 914.61
59080; 534; 868; 50.53; 545.94
59081; 599; 803; 65.97; 513.57
59082; 411; 919; 33.47; 773.34
59083; 446; 532; 95.28; 660.03
59084; 614; 855; 18.5; 475.78
59085; 858; 858; 1.53; 819.62
59086; 301; 837; 62.99; 609.43
59087; 303; 613; 63.33; 850.86
59088; 936; 871; 33.5; 6.72
59089; 975; 823; 41.94; 945.72
59090; 349; 714; 92.58; 944.6
59091; 835; 813; 1.45; 885.32
59092; 384; 208; 7.6; 35.97
59093; 270; 54; 74.69; 112.62
59094; 912; 510; 85.59; 981.7
59095; 367; 278; 45.56; 958.72
59096; 252; 206; 60.52; 750.96
59097; 235; 73; 45.85; 266.92
59098; 825; 441; 37.64; 708.06
59099; 394; 654; 15.97; 893.89
59100; 876; 886; 85.1; 101.72
59101; 469; 59; 43.14; 501.68
59102; 794; 257; 91.0; 73.28
59103; 153; 435; 13.35; 595.85
59104; 819; 821; 85.28; 663.79
59105; 665; 865; 5.83; 290.87
59106; 517; 608; 16.03; 827.25
59107; 638; 625; 86.48; 14.18
59108; 440; 934; 20.55; 842.8
59109; 243; 936; 35.6; 869.87
59110; 818; 979; 38.25; 266.56
59111; 83; 641; 11.72; 275.06
59112; 502; 509; 58.39; 663.73
59113; 581; 812; 62.07; 675.05
59114; 36; 279; 14.35; 648.63
59115; 211; 157; 27.43; 963.16
59116; 392; 556; 49.96; 736.14
59117; 676; 959; 31.8; 86.58
59118; 509; 505; 35.58; 990.1
59119; 736; 793; 8.39; 389.04
59120; 925; 780; 61.75; 739.53
59121; 441; 357; 32.04; 884.18
59122; 114; 670; 92.29; 523.77
59123; 528; 951; 85.6; 730.7
59124; 189; 597; 80.8; 408.29
59125; 543; 975; 94.07; 127.05
59126; 825; 624; 6.77; 462.68
59127; 760; 948; 57.41; 181.14
59128; 399; 584; 65.0; 267.33
59129; 283; 102; 29.2; 162.63
59130; 315; 774; 51.0; 361.4
59131; 400; 747; 47.41; 248.19
59132; 452; 937; 63.2; 35.61
59133; 153; 445; 97.74; 36.29
59134; 326; 359; 9.15; 570.42
59135; 740; 611; 40.97; 310.66
59136; 710; 910; 98.09; 307.82
59137; 296; 598; 36.89; 230.58
59138; 292; 845; 20.32; 147.14
59139; 870; 225; 83.76; 370.91
59140; 67; 758; 96.77; 820.03
59141; 198; 699; 87.89; 487.15
59142; 523; 419; 57.61; 646.41
59143; 385; 997; 87.92; 238.22
59144; 57; 109; 7.57; 288.51
59145; 449; 645; 38.25; 896.54
59146; 553; 443; 96.12; 503.38
59147; 814; 627; 12.76; 526.1
59148; 182; 580; 53.21; 111.68
59149; 66; 339; 6.37; 127.9
59150; 905; 943; 19.68; 12.07
59151; 180; 311; 46.15; 873.72
59152; 156; 587; 73.17; 558.33
59153; 510; 15; 72.5; 575.0
59154; 599; 877; 56.25; 979.04
59155; 998; 998; 40.99; 109.21
59156; 309; 90; 17.33; 54.94
59157; 298; 916; 79.17; 967.57
59158; 423; 7; 72.99; 192.71
59159; 462; 90; 34.33; 726.75
59160; 714; 441; 16.53; 146.48
59161; 216; 658; 4.4; 126.53
59162; 10; 892; 74.09; 681.84
59163; 914; 10; 72.24; 551.27
59164; 903; 158; 47.07; 98.29
59165; 151; 992; 92.11; 728.19
59166; 985; 792; 46.07; 884.2
59167; 949; 623; 24.44; 15.45
59168; 190; 579; 77.99; 832.79
59169; 916; 323; 96.18; 938.25
59170; 199; 723; 84.21; 826.2
59171; 299; 130; 81.08; 462.07
59172; 901; 725; 0.93; 674.59
59173; 631; 448; 58.46; 642.97
59174; 773; 407; 38.85; 363.12
59175; 276; 32; 38.68; 252.12
59176; 803; 763; 71.89; 341.82
59177; 999; 849; 38.01; 51.08
59178; 47; 315; 4.61; 830.24
59179; 467; 541; 8.75; 385.99
59180; 967; 559; 38.24; 765.88
59181; 548; 641; 19.5; 857.06
59182; 655; 576; 2.4; 40.25
59183; 238; 818; 20.21; 369.99
59184; 54; 814; 85.76; 150.68
59185; 69; 8; 5.34; 229.48
59186; 554; 732; 41.74; 180.53
59187; 292; 381; 41.04; 882.87
59188; 907; 165; 56.97; 862.57
59189; 27; 831; 61.28; 922.97
59190; 231; 183; 19.59; 854.9
59191; 47; 398; 32.43; 799.59
59192; 478; 275; 52.13; 804.68
59193; 138; 652; 38.39; 666.43
59194; 535; 975; 6.35; 762.89
59195; 782; 160; 89.85; 144.04
59196; 994; 419; 46.7; 661.31
59197; 825; 383; 89.17; 215.97
59198; 893; 443; 96.62; 526.25
59199; 190; 870; 25.49; 568.19
59200; 188; 713; 45.84; 426.12
59201; 120; 99; 21.78; 225.49
59202; 152; 909; 79.62; 802.47
59203; 188; 602; 95.09; 460.0
59204; 172; 474; 22.94; 970.55
59205; 904; 278; 13.01; 681.9
59206; 138; 579; 2.94; 801.76
59207; 510; 527; 46.38; 333.58
59208; 639; 579; 85.12; 575.14
59209; 634; 438; 53.36; 29.14
59210; 599; 323; 62.44; 131.37
59211; 411; 267; 32.78; 679.51
59212; 751; 383; 15.88; 746.6
59213; 859; 9; 19.98; 672.84
59214; 156; 819; 89.65; 765.73
59215; 591; 463; 35.94; 555.07
59216; 625; 419; 80.77; 834.78
59217; 122; 822; 1.31; 730.51
59218; 389; 897; 93.93; 225.27
59219; 622; 984; 58.45; 749.02
59220; 867; 564; 61.34; 872.93
59221; 85; 185; 23.04; 370.3
59222; 259; 197; 76.01; 126.44
59223; 761; 930; 55.91; 466.4
59224; 885; 503; 41.86; 175.64
59225; 473; 258; 46.09; 94.77
59226; 587; 123; 55.3; 165.44
59227; 322; 772; 21.42; 361.85
59228; 17; 622; 68.58; 200.62
59229; 998; 663; 41.12; 937.08
59230; 290; 615; 66.97; 412.22
59231; 146; 955; 27.48; 157.88
59232; 803; 423; 25.46; 657.94
59233; 867; 35; 8.76; 170.05
59234; 362; 520; 26.45; 31.16
59235; 48; 720; 64.47; 755.37
59236; 920; 239; 95.37; 576.17
59237; 372; 297; 69.28; 431.64
59238; 955; 540; 71.57; 422.77
59239; 134; 420; 28.39; 912.15
59240; 158; 972; 74.9; 704.13
59241; 478; 139; 61.11; 710.75
59242; 55; 357; 90.95; 579.79
59243; 282; 452; 50.91; 481.09
59244; 831; 201; 96.67; 271.35
59245; 66; 357; 18.03; 554.97
59246; 424; 260; 83.07; 538.83
59247; 276; 834; 59.15; 336.23
59248; 531; 485; 23.14; 24.1
59249; 158; 266; 64.97; 452.03
59250; 541; 601; 21.06; 923.16
59251; 874; 859; 17.8; 355.22
59252; 724; 767; 7.21; 765.17
59253; 79; 147; 44.3; 206.57
59254; 964; 13; 14.42; 58.92
59255; 640; 770; 23.21; 427.04
59256; 785; 380; 20.17; 677.57
59257; 529; 932; 47.26; 849.33
59258; 276; 22; 86.12; 843.02
59259; 14; 439; 31.24; 491.39
59260; 127; 988; 42.39; 515.1
59261; 671; 390; 7.88; 334.77
59262; 646; 425; 34.33; 544.72
59263; 908; 976; 87.29; 461.6
59264; 298; 795; 45.86; 505.43
59265; 622; 585; 32.72; 732.95
59266; 700; 131; 50.56; 326.52
59267; 69; 299; 32.52; 812.09
59268; 43; 528; 12.1; 384.34
59269; 294; 193; 29.4; 641.24
59270; 172; 20; 96.75; 347.74
59271; 981; 943; 24.31; 485.12
59272; 319; 893; 42.98; 188.74
59273; 363; 179; 33.13; 650.9
59274; 969; 305; 0.74; 701.25
59275; 450; 860; 69.12; 232.33
59276; 878; 587; 32.47; 20.94
59277; 576; 775; 27.8; 816.64
59278; 483; 875; 41.11; 904.65
59279; 690; 568; 89.17; 201.58
59280; 812; 944; 73.76; 99.68
59281; 948; 574; 85.27; 300.21
59282; 870; 196; 36.55; 792.92
59283; 791; 130; 23.97; 792.32
59284; 55; 901; 34.87; 541.61
59285; 768; 881; 29.06; 626.43
59286; 7; 917; 14.31; 181.84
59287; 73; 366; 10.88; 726.37
59288; 855; 897; 56.2; 952.45
59289; 847; 667; 98.57; 96.19
59290; 708; 932; 82.4; 708.05
59291; 772; 559; 66.7; 605.49
59292; 675; 95; 17.73; 784.95
59293; 619; 971; 96.95; 50.37
59294; 974; 971; 68.37; 535.16
59295; 174; 983; 95.17; 9.11
59296; 299; 779; 8.7; 494.43
59297; 678; 527; 23.05; 736.31
59298; 755; 344; 75.9; 837.68
59299; 178; 523; 19.37; 154.19
59300; 79; 802; 38.86; 837.78
59301; 884; 44; 0.62; 981.21
59302; 493; 617; 18.85; 416.73
59303; 509; 783; 29.76; 510.01
59304; 705; 246; 30.06; 994.27
59305; 26; 790; 89.63; 669.82
59306; 759; 143; 30.43; 333.56
59307; 681; 418; 56.6; 783.32
59308; 925; 483; 32.57; 461.59
59309; 144; 543; 86.88; 678.64
59310; 618; 760; 93.91; 498.82
59311; 991; 974; 30.75; 161.55
59312; 655; 727; 48.3; 718.72
59313; 96; 134; 52.58; 785.49
59314; 337; 120; 63.57; 860.99
59315; 516; 496; 77.29; 35.08
59316; 176; 788; 6.89; 11.52
59317; 674; 572; 15.9; 154.33
59318; 499; 907; 38.59; 751.01
59319; 841; 918; 44.8; 517.79
59320; 944; 221; 84.23; 382.91
59321; 82; 354; 0.54; 415.97
59322; 425; 522; 73.93; 133.36
59323; 409; 971; 79.4; 696.42
59324; 770; 342; 18.48; 664.16
59325; 222; 183; 51.96; 671.88
59326; 482; 848; 72.96; 497.91
59327; 688; 434; 27.39; 208.07
59328; 134; 101; 30.85; 903.61
59329; 498; 709; 82.12; 225.06
59330; 721; 916; 22.53; 800.55
59331; 212; 178; 87.09; 165.15
59332; 277; 584; 85.64; 772.07
59333; 700; 637; 22.62; 552.23
59334; 16; 447; 80.46; 393.67
59335; 393; 524; 13.5; 815.56
59336; 323; 734; 3.13; 776.15
59337; 179; 624; 64.11; 957.11
59338; 551; 121; 98.16; 60.93
59339; 929; 892; 40.04; 889.93
59340; 519; 98; 22.21; 341.14
59341; 721; 130; 57.81; 793.0
59342; 39; 506; 82.85; 931.09
59343; 438; 151; 81.1; 200.53
59344; 129; 72; 94.92; 474.23
59345; 186; 386; 52.12; 631.13
59346; 782; 827; 9.45; 277.16
59347; 708; 862; 65.26; 72.72
59348; 676; 867; 2.47; 338.48
59349; 287; 581; 20.09; 210.8
59350; 167; 729; 3.9; 284.39
59351; 938; 887; 57.36; 658.13
59352; 542; 394; 74.3; 921.97
59353; 160; 211; 28.87; 915.66
59354; 48; 684; 46.44; 671.71
59355; 861; 796; 85.81; 177.28
59356; 312; 213; 12.26; 601.07
59357; 746; 816; 47.04; 180.58
59358; 655; 616; 58.38; 600.7
59359; 885; 814; 46.57; 730.73
59360; 70; 447; 20.2; 463.04
59361; 648; 230; 40.75; 431.87
59362; 550; 174; 53.3; 699.12
59363; 177; 430; 34.42; 592.45
59364; 117; 527; 58.2; 616.55
59365; 680; 4; 66.52; 332.71
59366; 708; 235; 40.52; 758.63
59367; 814; 637; 88.11; 780.79
59368; 747; 780; 36.15; 954.56
59369; 183; 459; 67.28; 709.44
59370; 473; 690; 76.56; 948.05
59371; 134; 805; 84.38; 467.45
59372; 158; 4; 42.89; 596.32
59373; 853; 92; 74.44; 352.24
59374; 84; 18; 75.63; 180.34
59375; 719; 345; 86.68; 502.74
59376; 558; 325; 29.1; 798.07
59377; 360; 443; 42.99; 391.94
59378; 182; 950; 80.63; 176.02
59379; 410; 893; 47.2; 558.35
59380; 926; 17; 38.82; 1.62
59381; 521; 685; 9.54; 475.35
59382; 647; 775; 13.88; 891.84
59383; 528; 628; 84.61; 539.97
59384; 94; 928; 16.47; 102.0
59385; 238; 562; 79.22; 911.65
59386; 226; 218; 4.64; 956.31
59387; 380; 616; 51.07; 516.62
59388; 939; 216; 85.81; 36.72
59389; 736; 617; 8.04; 983.26
59390; 893; 16; 55.02; 996.57
59391; 338; 839; 82.67; 934.01
59392; 809; 508; 78.86; 141.39
59393; 371; 307; 17.99; 838.06
59394; 123; 561; 79.25; 11.21
59395; 489; 245; 23.33; 218.93
59396; 118; 97; 69.7; 646.47
59397; 8; 291; 81.99; 995.15
59398; 557; 50; 23.1; 745.27
59399; 901; 294; 31.34; 214.11
59400; 526; 362; 39.17; 670.72
59401; 996; 955; 75.02; 413.44
59402; 464; 321; 57.88; 995.74
59403; 628; 571; 7.43; 214.97
59404; 832; 68; 41.85; 337.55
59405; 590; 763; 76.08; 665.93
59406; 882; 578; 16.45; 706.06
59407; 150; 844; 46.66; 515.19
59408; 738; 771; 61.39; 343.82
59409; 651; 21; 59.5; 59.31
59410; 685; 597; 26.98; 220.04
59411; 877; 787; 24.97; 369.03
59412; 771; 861; 68.89; 856.69
59413; 499; 627; 55.04; 693.24
59414; 284; 790; 84.56; 8.78
59415; 310; 141; 22.68; 96.84
59416; 65; 939; 14.16; 306.81
59417; 455; 58; 5.18; 710.39
59418; 485; 803; 57.41; 347.8
59419; 603; 731; 76.54; 284.87
59420; 426; 493; 18.71; 130.57
59421; 643; 512; 78.09; 545.36
59422; 416; 923; 84.71; 237.02
59423; 786; 717; 24.59; 209.38
59424; 203; 556; 32.55; 836.7
59425; 722; 474; 10.36; 13.01
59426; 66; 589; 44.72; 654.71
59427; 457; 440; 65.15; 934.33
59428; 441; 499; 15.02; 224.11
59429; 888; 798; 10.55; 638.11
59430; 664; 54; 0.14; 233.46
59431; 140; 312; 58.13; 857.04
59432; 742; 653; 43.94; 974.96
59433; 426; 671; 58.26; 616.18
59434; 654; 654; 29.54; 366.57
59435; 641; 30; 69.61; 651.52
59436; 294; 472; 34.54; 92.55
59437; 372; 528; 68.1; 21.44
59438; 710; 728; 79.97; 196.68
59439; 798; 815; 24.75; 750.96
59440; 857; 389; 0.33; 804.37
59441; 693; 149; 94.73; 195.2
59442; 913; 480; 54.45; 865.32
59443; 490; 940; 76.39; 711.65
59444; 484; 598; 23.95; 428.85
59445; 584; 19; 28.07; 968.56
59446; 484; 453; 57.3; 82.69
59447; 848; 681; 65.18; 217.07
59448; 8; 580; 85.47; 196.79
59449; 973; 248; 95.97; 539.32
59450; 2; 937; 90.2; 535.92
59451; 843; 622; 71.57; 426.9
59452; 539; 443; 44.3; 44.5
59453; 134; 843; 48.38; 939.98
59454; 858; 812; 27.28; 490.27
59455; 783; 379; 0.46; 489.35
59456; 284; 563; 6.52; 999.37
59457; 20; 834; 9.69; 869.22
59458; 826; 261; 62.46; 927.45
59459; 794; 108; 86.47; 641.95
59460; 150; 352; 32.86; 984.91
59461; 338; 395; 77.0; 754.94
59462; 331; 94; 79.12; 86.45
59463; 934; 377; 83.02; 345.68
59464; 812; 8; 52.45; 934.82
59465; 118; 882; 72.95; 35.09
59466; 298; 868; 0.24; 375.7
59467; 243; 631; 79.05; 686.72
59468; 136; 802; 73.47; 201.75
59469; 570; 364; 56.54; 630.78
59470; 597; 430; 66.66; 710.77
59471; 626; 274; 88.6; 102.65
59472; 535; 248; 17.24; 191.74
59473; 380; 759; 68.4; 756.53
59474; 602; 117; 22.54; 795.25
59475; 401; 134; 75.01; 704.46
59476; 665; 255; 99.12; 819.33
59477; 768; 304; 4.68; 534.82
59478; 988; 520; 38.01; 625.21
59479; 920; 294; 47.28; 525.34
59480; 377; 295; 29.2; 679.13
59481; 166; 742; 26.81; 629.23
59482; 760; 425; 80.25; 472.52
59483; 18; 477; 82.53; 972.8
59484; 369; 189; 32.39; 773.65
59485; 686; 313; 19.9; 334.93
59486; 521; 874; 95.01; 184.59
59487; 493; 16; 43.32; 758.46
59488; 205; 996; 59.14; 208.06
59489; 942; 252; 93.46; 925.94
59490; 391; 91; 11.76; 817.12
59491; 532; 925; 58.31; 719.19
59492; 8; 652; 88.88; 865.91
59493; 806; 610; 91.4; 86.82
59494; 273; 260; 1.47; 883.61
59495; 978; 777; 97.84; 300.57
59496; 343; 742; 96.08; 544.88
59497; 325; 185; 16.94; 571.19
59498; 811; 98; 69.63; 141.26
59499; 451; 25; 31.69; 27.48
59500; 272; 355; 50.51; 398.91
59501; 709; 499; 79.02; 783.02
59502; 532; 818; 50.93; 408.81
59503; 790; 829; 44.2; 170.59
59504; 12; 299; 46.46; 493.9
59505; 605; 676; 5.65; 975.09
59506; 857; 825; 97.28; 300.38
59507; 23; 121; 3.97; 897.58
59508; 64; 487; 38.5; 525.35
59509; 687; 588; 91.49; 364.19
59510; 238; 194; 86.89; 710.62
59511; 601; 674; 22.13; 659.12
59512; 187; 767; 91.51; 628.85
59513; 585; 819; 42.34; 573.88
59514; 574; 728; 40.98; 189.1
59515; 760; 653; 83.96; 184.93
59516; 810; 458; 40.97; 766.45
59517; 518; 597; 86.05; 323.9
59518; 586; 513; 25.65; 780.95
59519; 626; 110; 84.22; 988.97
59520; 465; 85; 19.33; 15.94
59521; 505; 340; 29.24; 217.74
59522; 388; 300; 49.42; 248.05
59523; 991; 507; 40.93; 956.4
59524; 940; 774; 70.38; 478.6
59525; 426; 517; 89.29; 732.85
59526; 188; 250; 71.25; 450.37
59527; 552; 518; 61.11; 163.92
59528; 138; 583; 24.8; 670.6
59529; 881; 968; 41.97; 778.94
59530; 855; 704; 37.46; 154.09
59531; 272; 523; 53.91; 706.19
59532; 711; 42; 10.22; 548.19
59533; 916; 649; 2.74; 524.1
59534; 865; 614; 84.12; 395.59
59535; 530; 318; 51.46; 325.16
59536; 241; 374; 91.5; 791.31
59537; 377; 708; 10.14; 186.78
59538; 926; 249; 81.79; 794.7
59539; 224; 171; 48.44; 87.23
59540; 326; 695; 41.39; 74.53
59541; 628; 670; 41.32; 920.89
59542; 872; 557; 55.9; 421.98
59543; 112; 3; 61.61; 917.46
59544; 756; 455; 6.22; 316.62
59545; 491; 734; 47.4; 35.93
59546; 322; 598; 86.86; 273.29
59547; 925; 971; 32.57; 626.31
59548; 789; 16; 79.18; 757.57
59549; 496; 79; 30.27; 42.69
59550; 919; 980; 2.07; 992.82
59551; 642; 622; 42.83; 407.39
59552; 531; 177; 1.82; 599.9
59553; 357; 662; 52.61; 579.47
59554; 969; 31; 87.41; 528.55
59555; 684; 449; 73.42; 752.92
59556; 297; 62; 93.61; 788.57
59557; 64; 710; 63.42; 144.22
59558; 454; 419; 10.47; 338.83
59559; 633; 478; 5.71; 136.66
59560; 80; 856; 39.58; 263.88
59561; 357; 832; 91.63; 97.77
59562; 867; 200; 42.01; 667.25
59563; 372; 817; 38.11; 706.8
59564; 141; 804; 10.41; 318.51
59565; 378; 753; 59.46; 383.79
59566; 913; 325; 10.01; 780.71
59567; 655; 883; 29.52; 432.06
59568; 645; 69; 23.47; 447.1
59569; 19; 525; 84.5; 649.48
59570; 12; 2; 80.08; 320.88
59571; 74; 595; 51.04; 526.67
59572; 867; 894; 93.97; 861.1
59573; 420; 731; 55.12; 882.25
59574; 757; 289; 21.93; 419.07
59575; 3; 584; 38.22; 116.28
59576; 413; 644; 79.38; 920.52
59577; 919; 342; 40.14; 222.15
59578; 118; 797; 79.76; 795.17
59579; 623; 919; 97.24; 484.59
59580; 160; 870; 12.12; 82.83
59581; 890; 981; 46.8; 652.22
59582; 82; 859; 22.26; 621.63
59583; 597; 117; 67.87; 191.0
59584; 23; 281; 40.78; 106.3
59585; 342; 557; 53.74; 95.33
59586; 866; 314; 38.85; 591.7
59587; 605; 626; 15.58; 624.17
59588; 415; 901; 2.54; 197.26
59589; 970; 832; 72.29; 537.66
59590; 564; 438; 96.65; 16.48
59591; 373; 611; 81.47; 733.9
59592; 519; 546; 22.92; 921.94
59593; 521; 730; 65.75; 897.85
59594; 911; 718; 96.58; 381.42
59595; 363; 827; 82.8; 904.08
59596; 290; 876; 67.87; 300.61
59597; 925; 159; 42.88; 98.94
59598; 202; 671; 35.39; 885.37
59599; 233; 581; 68.9; 725.16
59600; 477; 173; 3.1; 92.48
59601; 774; 468; 45.2; 984.95
59602; 172; 666; 50.78; 394.19
59603; 120; 859; 68.29; 847.11
59604; 737; 919; 79.09; 815.47
59605; 219; 761; 92.72; 668.74
59606; 671; 411; 22.47; 332.49
59607; 363; 104; 50.77; 517.01
59608; 332; 382; 95.78; 198.03
59609; 34; 588; 86.51; 732.29
59610; 963; 101; 32.6; 76.21
59611; 848; 444; 66.13; 426.69
59612; 133; 749; 24.2; 827.77
59613; 382; 975; 44.4; 460.21
59614; 165; 978; 95.42; 811.48
59615; 772; 26; 8.08; 998.23
59616; 712; 570; 53.73; 91.14
59617; 631; 428; 47.11; 217.91
59618; 514; 791; 71.93; 563.89
59619; 110; 843; 36.91; 724.36
59620; 677; 455; 10.07; 650.44
59621; 168; 750; 84.81; 873.95
59622; 867; 868; 84.07; 941.3
59623; 781; 300; 78.12; 771.84
59624; 921; 524; 73.17; 44.46
59625; 483; 641; 56.98; 64.38
59626; 145; 212; 37.73; 267.37
59627; 82; 732; 82.75; 605.6
59628; 594; 735; 56.93; 436.93
59629; 274; 966; 98.9; 632.6
59630; 621; 23; 99.56; 515.15
59631; 468; 299; 48.84; 703.66
59632; 818; 15; 50.55; 912.89
59633; 765; 282; 92.12; 498.89
59634; 652; 273; 62.09; 773.86
59635; 338; 413; 66.7; 653.28
59636; 208; 678; 25.25; 389.83
59637; 482; 129; 20.85; 104.01
59638; 728; 757; 8.37; 998.64
59639; 103; 691; 8.1; 128.82
59640; 653; 558; 58.91; 959.31
59641; 3; 56; 60.33; 581.59
59642; 300; 398; 57.1; 57.08
59643; 62; 139; 62.73; 613.8
59644; 534; 757; 39.1; 670.38
59645; 592; 166; 41.31; 358.11
59646; 450; 38; 26.23; 265.07
59647; 58; 747; 86.86; 650.19
59648; 863; 530; 42.2; 768.22
59649; 613; 616; 59.25; 875.69
59650; 583; 964; 40.78; 82.61
59651; 250; 283; 2.39; 970.81
59652; 834; 113; 99.66; 254.13
59653; 988; 158; 58.1; 132.53
59654; 380; 460; 83.23; 663.56
59655; 442; 174; 74.31; 547.94
59656; 259; 493; 15.97; 250.34
59657; 71; 891; 81.59; 9.2
59658; 235; 255; 33.36; 435.95
59659; 309; 131; 70.16; 431.64
59660; 111; 642; 43.76; 251.49
59661; 204; 823; 11.28; 451.01
59662; 390; 717; 76.43; 419.28
59663; 613; 28; 20.4; 618.93
59664; 665; 779; 74.03; 425.89
59665; 511; 794; 97.58; 302.87
59666; 355; 900; 23.51; 391.79
59667; 767; 129; 98.27; 580.59
59668; 300; 903; 79.33; 829.21
59669; 260; 560; 42.5; 810.09
59670; 596; 587; 20.39; 755.5
59671; 856; 281; 22.76; 920.95
59672; 526; 554; 23.29; 129.4
59673; 551; 244; 16.16; 94.98
59674; 738; 899; 11.35; 164.41
59675; 554; 365; 13.05; 180.52
59676; 680; 611; 32.37; 699.83
59677; 431; 403; 10.24; 184.06
59678; 386; 373; 32.14; 37.77
59679; 679; 922; 86.8; 494.67
59680; 728; 785; 27.22; 723.37
59681; 314; 811; 57.51; 583.06
59682; 171; 718; 4.03; 863.12
59683; 327; 318; 35.62; 451.02
59684; 300; 768; 91.61; 141.38
59685; 127; 109; 4.46; 137.92
59686; 472; 391; 72.52; 867.27
59687; 954; 148; 63.49; 756.09
59688; 800; 608; 45.03; 285.59
59689; 760; 36; 51.72; 206.61
59690; 888; 502; 47.63; 519.92
59691; 106; 941; 83.22; 935.11
59692; 605; 633; 54.47; 106.17
59693; 713; 169; 45.74; 837.51
59694; 193; 662; 40.62; 884.33
59695; 505; 442; 51.78; 25.35
59696; 613; 211; 13.8; 671.34
59697; 380; 651; 56.16; 193.72
59698; 410; 261; 27.72; 576.02
59699; 298; 890; 91.65; 823.15
59700; 978; 273; 63.23; 787.2
59701; 773; 996; 7.3; 850.24
59702; 634; 700; 37.93; 873.92
59703; 688; 170; 93.15; 500.84
59704; 541; 807; 71.01; 130.38
59705; 642; 741; 12.68; 47.91
59706; 751; 180; 35.68; 889.48
59707; 465; 590; 27.46; 922.2
59708; 469; 91; 72.8; 697.97
59709; 67; 197; 18.56; 166.55
59710; 164; 38; 64.78; 512.79
59711; 22; 605; 4.32; 772.57
59712; 596; 909; 12.06; 616.95
59713; 533; 843; 46.94; 62.28
59714; 956; 910; 96.89; 269.65
59715; 165; 974; 59.62; 675.98
59716; 227; 438; 3.96; 109.44
59717; 226; 554; 85.92; 575.72
59718; 532; 991; 96.94; 193.53
59719; 724; 320; 57.47; 210.59
59720; 935; 587; 39.34; 661.65
59721; 346; 315; 95.94; 398.72
59722; 266; 329; 69.43; 141.93
59723; 807; 496; 34.51; 560.92
59724; 896; 573; 74.74; 622.14
59725; 754; 909; 68.96; 709.78
59726; 710; 634; 7.46; 843.94
59727; 4; 212; 83.35; 191.72
59728; 175; 884; 26.91; 298.71
59729; 271; 71; 84.71; 948.13
59730; 220; 37; 97.91; 775.73
59731; 434; 697; 93.2; 132.35
59732; 83; 896; 70.5; 972.08
59733; 101; 661; 73.92; 655.44
59734; 496; 40; 84.56; 322.31
59735; 573; 74; 56.47; 775.51
59736; 944; 705; 12.92; 516.36
59737; 495; 300; 36.08; 46.38
59738; 527; 518; 66.03; 77.5
59739; 974; 767; 20.64; 571.58
59740; 79; 574; 55.01; 207.24
59741; 566; 663; 29.43; 174.38
59742; 259; 695; 24.07; 678.36
59743; 403; 27; 25.67; 816.75
59744; 103; 735; 70.38; 755.19
59745; 933; 217; 28.6; 514.03
59746; 32; 710; 60.06; 55.03
59747; 95; 281; 55.29; 907.16
59748; 214; 597; 77.96; 779.34
59749; 527; 446; 12.42; 507.68
59750; 877; 53; 34.26; 196.6
59751; 569; 89; 73.54; 107.54
59752; 577; 636; 66.09; 360.26
59753; 118; 187; 85.38; 45.81
59754; 212; 530; 63.55; 89.88
59755; 681; 194; 74.71; 182.96
59756; 169; 158; 0.99; 342.66
59757; 595; 797; 84.72; 920.74
59758; 116; 884; 72.77; 691.83
59759; 790; 915; 94.32; 11.46
59760; 219; 33; 64.47; 757.33
59761; 560; 213; 8.59; 502.77
59762; 14; 517; 99.49; 540.09
59763; 764; 621; 38.49; 184.73
59764; 12; 898; 23.56; 241.39
59765; 286; 410; 41.75; 656.4
59766; 491; 541; 8.65; 645.58
59767; 746; 756; 50.52; 683.96
59768; 222; 756; 68.77; 787.91
59769; 910; 476; 65.1; 210.74
59770; 886; 851; 86.62; 459.53
59771; 815; 139; 77.05; 230.71
59772; 512; 737; 38.0; 293.07
59773; 938; 280; 26.97; 51.01
59774; 741; 945; 78.18; 295.46
59775; 336; 44; 81.8; 710.04
59776; 854; 588; 36.01; 313.69
59777; 7; 361; 31.82; 228.87
59778; 324; 457; 76.35; 370.47
59779; 211; 115; 37.08; 151.94
59780; 972; 238; 28.67; 362.79
59781; 553; 504; 68.26; 960.87
59782; 508; 432; 81.75; 460.95
59783; 874; 463; 46.68; 411.11
59784; 746; 108; 39.32; 883.31
59785; 141; 751; 61.53; 424.38
59786; 768; 644; 61.22; 611.59
59787; 700; 726; 23.06; 468.91
59788; 970; 314; 92.25; 615.46
59789; 645; 133; 20.92; 648.19
59790; 878; 982; 52.93; 542.32
59791; 135; 229; 27.33; 803.29
59792; 250; 303; 45.92; 743.44
59793; 877; 636; 38.14; 293.79
59794; 402; 399; 42.21; 641.09
59795; 929; 195; 79.1; 335.74
59796; 216; 394; 37.0; 977.21
59797; 352; 582; 77.29; 192.77
59798; 177; 129; 8.19; 900.5
59799; 596; 147; 80.6; 566.14
59800; 582; 454; 93.86; 510.14
59801; 532; 484; 17.78; 534.77
59802; 564; 423; 29.47; 319.39
59803; 577; 342; 6.71; 765.39
59804; 184; 181; 39.3; 196.99
59805; 613; 221; 49.77; 479.33
59806; 919; 810; 52.89; 968.96
59807; 205; 62; 60.8; 505.73
59808; 8; 860; 53.69; 362.61
59809; 740; 883; 29.75; 247.45
59810; 671; 614; 59.36; 577.98
59811; 272; 168; 51.03; 705.26
59812; 603; 419; 61.63; 634.74
59813; 711; 456; 79.98; 398.24
59814; 510; 973; 62.01; 58.74
59815; 749; 381; 86.66; 530.38
59816; 921; 237; 99.62; 831.71
59817; 894; 839; 72.14; 85.72
59818; 836; 513; 58.55; 634.34
59819; 107; 704; 17.98; 980.07
59820; 196; 948; 17.89; 693.52
59821; 824; 948; 65.28; 35.32
59822; 257; 94; 31.51; 995.42
59823; 298; 565; 60.07; 68.97
59824; 204; 507; 38.23; 65.49
59825; 753; 213; 27.93; 640.73
59826; 886; 457; 39.62; 894.37
59827; 840; 745; 54.69; 919.91
59828; 841; 496; 99.11; 346.96
59829; 319; 377; 56.31; 13.88
59830; 874; 97; 22.39; 179.89
59831; 614; 575; 33.43; 335.83
59832; 162; 391; 15.63; 67.84
59833; 552; 426; 2.65; 883.08
59834; 260; 721; 22.29; 435.4
59835; 364; 271; 28.07; 392.91
59836; 519; 727; 31.82; 348.01
364, 519, 260
552, 162
874, 753, 196, 836
8, 205